0.086473
0.177830
-1.935205
-1.776072
0.044590
0.088033
0.004998
0.022394
-1.112776
-0.526520
-0.539846
-0.027044
0.012260
0.235767
-0.019879
-0.662370
0.633552
-0.191236
-0.089166
-0.025814
0.115126
0.046637
-0.020060
0.027545
-0.347216
-0.099031
4.266849
0.431389
-0.082506
-0.045690
-0.028281
1.597391
-1.062428
-1.138186
-0.469823
-0.837175
0.000345
0.012705
-0.058895
0.625274
0.242526
0.095244
0.053262
0.665456
-0.710187
0.030066
-1.208613
0.237444
-0.041107
-1.632542
0.046875
-0.590382
0.003953
-0.040337
0.814923
0.167334
0.493684
1.184915
0.110362
-3.134517
-1.032213
0.090005
0.160182
-0.436140
-0.042929
0.611468
0.637220
-0.092025
0.207464
0.057954
0.038978
0.053259
1.017577
0.003059
1.357703
-0.091424
3.162949
0.851452
-0.140003
0.494661
0.119364
-0.070148
0.020876
-0.038408
0.025000
-0.222803
0.065369
0.855402
-0.319893
1.969646
0.034224
0.079155
-0.130093
0.031591
-0.055356
-0.163508
-0.046283
0.808195
-0.578542
0.045854
0.137894
0.786200
0.015202
-0.039573
0.744478
0.031834
0.003719
0.420678
-0.104728
-1.131454
-1.535121
-0.028451
-0.086426
-0.374993
0.126526
0.755177
0.934972
1.301658
-0.079156
-0.686056
