-0.732111
-0.350359
-0.263529
-0.584384
-0.676168
0.171114
0.571794
-2.995579
-6.592278
0.374738
-7.340447
-0.503925
-0.658346
0.846766
-0.327979
-2.937322
-0.475996
0.377483
0.370730
-0.649785
0.856085
0.536281
0.636512
0.508582
0.837408
-0.484163
0.038737
1.010531
-4.026127
0.705521
-6.123093
0.131417
-0.585479
0.394675
0.324969
0.234111
-5.004072
0.354750
-6.034453
-6.086410
-8.113820
-0.283346
-0.563720
0.121383
0.398938
0.349575
0.672855
-0.730768
-3.161600
-0.211421
-0.356804
-2.458420
-1.413567
-0.158787
1.045068
-0.361907
-0.538550
-0.437325
0.368133
-0.495302
-0.056905
2.909934
-0.466916
-1.678818
-0.383415
-0.012253
-0.358005
-7.426764
0.427325
0.583421
-4.714053
-0.587724
-0.403662
-0.596683
-0.447024
-0.517157
-0.322185
-7.226035
0.469141
1.115446
-9.767017
0.413146
-0.216029
-0.218102
0.630156
-0.048170
-0.045804
-5.441594
-0.395751
0.369695
-5.503550
0.155041
-0.293664
0.497357
-2.622896
0.459555
-0.497694
0.673144
-0.176812
-0.455883
