29.715562
-3.720040
-1.440742
1.045825
6.216902
5.902687
3.684826
0.763313
3.201501
-5.648274
-0.462204
-0.450181
0.051157
0.777955
0.066992
0.002310
0.630461
0.749807
-0.835611
-2.266626
4.180026
1.520130
0.262758
-2.258710
1.549490
-1.332575
-0.878934
-0.745935
-6.258552
8.884753
5.909154
-0.270135
0.504617
-1.017453
0.576536
0.407314
-2.902182
-3.500616
1.582614
-3.156350
-0.889073
-3.244090
-1.144668
-2.611905
-0.144565
-2.252269
-1.847826
-0.079782
-0.432388
-12.937126
1.442079
-3.279364
1.339643
-1.038180
-1.584461
-0.509681
-1.804082
0.690654
-2.226571
1.594495
-7.428891
0.080662
1.438046
-0.198769
-3.143124
-2.488878
-2.021771
-2.628902
1.651097
1.653653
-7.428891
0.637067
1.449499
1.773828
0.275971
2.073346
1.715602
-4.056933
-5.564104
-12.937126
1.442079
0.320666
-1.719257
-1.423054
-0.172912
-0.250845
-1.739258
-0.039551
3.244787
-2.033318
-1.284346
2.688450
-2.215142
1.302426
-0.756549
1.156968
0.915937
-1.791469
9.575137
11.250776
5.354376
-1.351055
-1.622723
1.616304
0.473707
0.564695
1.062101
3.615408
0.782345
-2.592745
0.018384
-3.186260
-0.385113
-0.720965
1.576480
5.256373
2.782783
1.700072
0.328432
-6.202787
-8.690171
-4.170073
1.643296
1.274561
-1.383342
-0.481915
-0.192653
-0.869513
-0.506128
-2.647299
-0.400248
-1.576526
1.269150
4.292542
-2.086919
-0.029621
-3.755065
-2.015599
-4.444806
-1.488326
-3.022870
0.045608
-1.301291
1.761207
1.618230
0.977626
-1.520659
-1.370303
1.378464
1.315508
-0.812351
-2.475418
-0.697851
-1.350606
1.541924
-0.065508
0.444095
-2.361742
-0.620536
1.210201
1.798299
-0.485821
0.307558
-0.179353
-1.283849
0.200083
-0.747145
0.244619
-1.317556
-11.388722
2.429655
-2.157701
0.220642
-0.072595
-0.690269
-2.435481
0.270053
-3.333014
-1.928096
2.129066
-7.428891
-2.515620
-0.009778
2.454644
1.411333
-0.075861
-1.353285
0.073899
-4.035936
2.129066
-7.428891
0.440359
2.501850
-0.193191
-1.273506
0.366986
-1.816208
-1.387312
0.520580
-10.505712
2.429655
-1.143481
-0.354093
-1.698718
-1.012838
-0.263469
0.624114
-1.298585
1.004834
0.680455
-0.650102
-1.659352
-2.938808
2.483199
1.684911
0.442219
-1.690434
-0.298226
-1.526013
-2.389687
1.156163
-2.184335
0.392552
2.952965
-0.673602
-1.609546
-3.272982
-2.537227
-3.121998
-3.181438
4.466202
-1.525934
0.572867
-2.173329
1.054274
-0.677139
0.480174
-1.286925
-3.718964
2.623060
-2.004569
-0.036217
0.426223
-2.669709
-0.223637
-0.665145
-0.172478
14.327758
-3.725078
-0.632658
0.969331
-0.483098
2.009887
1.553328
1.174868
-7.686324
0.988517
-0.354167
-1.015947
0.086863
0.303922
0.292911
-0.645545
4.920273
-0.556066
-1.414511
-0.498298
1.182406
0.369552
1.221743
1.418503
-1.194331
1.046564
-1.061787
-4.893557
-1.925949
-0.830095
0.001673
-3.430343
3.094078
-7.417922
-1.004664
-1.248978
0.594183
0.685617
-0.197504
0.388537
-0.816451
1.046564
1.901845
0.883244
0.317215
0.920203
0.350561
2.697088
5.238731
-0.226141
0.932165
-1.399893
-0.922339
0.466276
1.356081
0.076488
-3.366004
-3.145501
-0.176860
0.038173
0.971234
1.856201
-0.495049
0.146484
7.721038
3.260121
-0.318912
-0.991648
-2.351916
1.168538
1.376936
1.040389
1.384673
4.905732
-0.642936
1.049571
-1.661121
-2.730441
0.823289
-0.491684
-0.287189
-2.846888
-0.394853
-1.044672
-0.560823
-0.268667
0.251320
0.917113
3.624946
-0.670298
-0.717614
0.155472
-1.278436
-1.535505
2.497198
5.405535
-4.518839
1.412179
0.821298
0.089615
-0.038783
2.933443
0.113372
1.263880
-1.232421
-7.428891
0.563683
-0.241318
-0.275529
-0.526335
0.838754
1.489603
-5.790502
1.412179
-0.442174
0.467125
-3.665482
-1.342352
1.940100
-0.192078
0.152697
-0.670298
-0.233381
-0.216641
-1.198877
-1.118392
0.618840
-0.355583
-9.001307
1.278628
0.352818
-0.278619
-0.994387
1.609099
0.575586
1.855703
3.763318
-0.572076
