-0.152062 -0.661370 -0.135017 0.409121 0.317962 0.553906 0.430111 -0.323138 -0.533350 -0.475156 0.313766 -0.132739 0.648123 1.022867 0.291657 -0.992885 -0.419072 -0.541185 0.476058 -0.137995
0.548900 0.419800 0.272001 0.171728 0.675886 0.259262 0.436361 -0.287801 -0.421276 0.103006 0.034951 0.245439 1.088749 0.948628 -0.031343 0.106755 -0.212948 0.123797 1.015175 -0.324603
0.108822 0.241502 -0.540558 0.208771 0.084488 0.130649 0.115667 0.313114 1.200754 0.801713 0.168100 0.486745 -0.309434 0.443204 -0.753455 1.683371 0.304413 1.395224 0.731218 0.165267
-0.026636 -0.686302 -0.089742 0.878986 0.246848 0.119598 -0.222006 0.676133 0.297632 0.605106 0.578720 0.449076 0.341722 0.733314 -0.236419 1.266808 0.287688 1.130538 -0.118286 0.765403
-0.404690 -0.637360 -0.039891 0.800279 -0.049763 -0.420417 0.125390 0.589768 -0.116191 0.332969 0.129735 -0.338194 0.189234 0.867942 -0.518060 0.024817 -0.049267 -0.618049 -0.069396 0.458402
0.126568 -0.038089 -0.116684 -0.230120 -0.235542 -0.317504 -0.128243 0.282420 0.266952 0.527452 0.073293 -0.432587 0.232180 0.762929 -0.206252 0.117402 -0.280826 -0.123419 0.410079 -0.575837
0.172219 0.130134 0.445046 -0.195255 0.281640 0.570822 -0.300003 0.658191 0.004861 0.588868 0.630766 0.314714 0.350152 -0.862242 0.432273 -0.193379 -0.067360 0.401067 -0.157232 -0.108864
0.318917 -0.171302 -0.007620 1.495483 0.516856 0.006007 0.730414 0.929562 0.034376 0.065491 1.079533 0.108058 -0.237940 0.363364 0.269831 -0.374201 -0.030767 -0.298982 0.367061 -0.011421
0.240401 0.376369 0.169301 -0.355426 0.897037 0.713684 0.584767 0.368558 0.681072 -0.114285 1.036184 0.885222 1.049610 -0.380436 0.875866 0.056352 -0.433656 0.832648 -0.101728 0.054040
0.374393 -0.437729 0.786946 0.520221 0.405773 1.197459 0.490965 0.134325 0.684479 -0.034900 0.528423 1.162704 -0.140563 0.701321 0.993158 0.826802 -0.415268 0.271371 1.242372 0.014318
0.217887 -0.037918 0.168514 0.643621 0.336656 0.435624 0.122535 -0.165912 0.051757 0.399001 0.124011 -0.098634 0.531829 1.061344 0.664528 0.549834 -0.103711 -0.196175 1.468564 -0.101835
0.698829 0.099072 0.618405 0.610522 -0.496550 0.323626 0.252093 0.018948 -0.214709 -0.191947 0.617486 -0.059343 -0.086176 0.989513 -0.376206 -0.322542 0.296705 -0.234988 -0.345492 0.430861
-0.121571 -0.133626 0.142566 0.563507 0.376954 -0.243140 0.141407 0.478431 0.531248 0.555919 0.251943 0.250457 -0.197268 0.516214 0.369061 0.173931 -0.223171 -0.142113 0.244025 -0.260404
0.088495 -0.023426 0.486171 0.267264 0.108240 0.356054 -0.459493 0.624813 -0.114421 -0.149982 0.407603 0.447729 -0.219535 -0.196504 -0.797291 0.397008 0.059704 0.577506 -0.406122 -0.611677
-0.073394 -0.214670 -0.100078 -0.244002 -0.365595 -0.207599 0.409508 0.750323 0.393268 0.485027 -0.581101 0.023106 0.190473 1.026248 0.008917 0.160666 -0.111897 0.339911 0.478242 -0.162580
-0.249433 -0.403828 0.471093 0.795525 -0.071358 -0.165351 0.185275 0.228166 -0.190605 0.674128 -0.058431 0.324844 -0.064574 -0.086042 -0.065409 0.655405 0.001537 0.253865 0.555759 0.047354
0.172907 0.371031 0.467718 0.596615 0.431215 0.125050 0.452731 0.946035 0.645997 0.857626 0.324475 0.078358 0.555217 -0.057874 0.401949 -0.065454 -0.110458 0.591516 -0.550861 0.371615
0.365744 1.102060 0.408868 -0.046045 0.596655 0.179340 0.876907 0.777289 0.573876 0.999827 -0.757272 -0.607773 0.701020 0.309373 0.568434 0.690500 0.150580 1.013788 0.170993 1.011770
1.015080 -0.047474 0.199089 0.116472 0.270884 1.699493 -0.025177 0.022366 0.806130 1.409860 1.083157 0.596137 -0.215667 1.253167 1.423333 -0.097350 -1.164987 0.496639 -0.481810 0.653933
0.891611 -0.491839 0.109397 0.113077 -0.413167 1.150250 0.837086 0.438666 0.080509 1.317335 -0.094665 -0.406487 -0.543435 -0.314733 -1.237524 0.179940 0.911310 0.362866 0.896796 -0.128845
1.070751 0.189260 0.411905 0.831019 0.425091 0.286876 -0.113993 0.288422 -0.111917 0.239519 -0.304152 0.030935 0.808413 1.049436 0.354669 0.799148 0.058718 -0.307883 0.476362 0.156402
0.087689 -0.641707 0.173883 0.734615 -0.053763 -0.054284 0.350358 -0.173680 -0.009274 -0.075847 -0.006357 0.049958 1.047357 -0.472462 0.047206 0.457849 -0.360514 0.066954 0.112467 -0.316495
-0.396721 0.110475 -0.116373 0.445172 0.277202 -0.367647 -0.190496 -0.008800 -0.034589 0.314299 -0.340651 0.160045 -0.993012 -0.665309 0.260091 -0.270471 -0.251794 0.015421 -0.232025 -0.670058
0.092703 -0.349024 0.277665 0.105955 0.372197 0.329270 -0.343493 -0.453785 -0.266463 0.192700 -0.441466 0.585667 0.137863 0.799933 -0.020091 0.864032 0.438008 0.907027 0.160908 0.418383
0.671217 0.305655 0.352336 0.094763 0.364363 0.331047 0.288487 0.685710 0.355808 -0.062343 0.682443 0.988354 0.189149 0.748480 -0.321598 0.244630 -0.111764 0.311211 0.297625 -0.466522
-0.414659 -0.603065 -0.425516 0.963925 0.549884 -0.622669 -0.211911 0.101045 0.142974 0.776949 0.112630 0.109154 -0.014751 -0.197366 0.319754 -0.084142 0.198044 -0.865947 -0.180242 0.633459
-0.412318 0.432767 0.003220 0.516088 0.433607 1.022543 -0.591372 0.230241 0.521233 0.028051 -0.644538 0.660266 0.152822 0.456850 0.842555 -0.087272 -0.040218 0.177083 0.057112 0.245264
0.233699 0.460081 0.613281 0.445428 1.142806 0.219231 0.486708 0.788549 0.619435 0.766176 0.044124 0.813967 -0.157869 0.407072 0.293133 0.367361 0.042574 1.268219 -0.020612 0.252829
-0.066415 0.329053 -0.176085 -0.314398 0.147463 -0.136162 0.020801 0.734148 1.396053 -0.432919 0.178255 -0.176358 0.348923 0.330622 -0.717354 0.015236 0.334914 0.747116 0.274929 0.906151
-0.396102 0.133305 -0.211713 -0.089475 -0.295696 -0.179923 0.081185 0.417271 0.733128 0.867359 0.271373 -0.279491 -0.122734 0.897054 -0.332942 0.715337 -0.773936 0.327265 -0.218066 0.074143
-0.086982 0.736696 0.802304 0.620267 -0.467220 0.046711 -0.160531 0.454767 0.397766 0.628756 0.244253 -0.163403 -0.304985 0.029218 -0.182066 -0.056658 -0.138047 0.133429 -0.286675 -0.155386
0.159325 0.209205 -0.333625 0.189996 0.460604 -0.125726 -0.711943 -0.355301 0.408682 0.524764 -0.129417 0.783635 1.072352 0.289103 -0.342459 1.835508 0.427905 0.548270 0.400309 0.528365
0.318368 -0.077467 0.316328 0.770454 -0.375739 0.509931 0.446336 -0.258231 0.431996 -0.042629 0.681497 0.300508 0.769767 0.403328 0.238314 0.796118 0.144675 1.284368 0.480682 0.721270
0.346366 -0.105766 0.444933 0.558283 -0.074705 0.435121 0.020984 0.701550 -0.090299 -0.014211 0.803164 -0.217334 -0.698608 -0.100668 -0.237717 0.766286 0.434437 0.230488 0.027476 -0.052888
-0.121580 0.169215 -0.173620 0.017866 -0.342592 -0.024822 0.032874 0.911091 -0.078397 0.081778 -0.047258 0.559075 0.008152 0.238288 -0.729917 0.457670 0.056463 0.393718 0.459612 0.367053
0.152501 0.833686 0.467763 -1.020145 -0.398374 0.227031 0.859709 0.853185 1.058002 -0.007199 0.093078 0.868547 0.327063 0.649239 0.000156 0.371304 -0.160912 0.420172 0.709767 -0.279676
-0.125644 2.193891 1.457483 0.841754 0.687270 0.852473 0.802588 -0.422928 0.517910 0.105027 -0.287225 -0.643705 0.047840 -0.718780 0.954996 0.824363 0.294506 1.281907 0.489373 0.323777
0.375685 -0.342463 -0.077750 0.744513 -0.445271 -0.022668 0.283589 0.414140 0.029590 0.491399 0.777130 -0.420058 -0.252979 0.049475 0.339326 1.166392 -0.444439 0.698930 0.503739 0.263014
0.054032 0.551401 0.882368 0.562232 0.124838 1.178120 0.231473 0.000198 -0.025094 0.303821 0.072831 -0.437849 0.036714 0.222519 0.159383 0.193373 -0.278099 0.001469 0.451080 -0.700906
0.058921 0.295628 0.617365 0.509936 0.413383 -0.381046 1.017435 0.008096 0.751345 0.445496 -0.159847 0.090963 -0.534572 0.127363 1.123830 0.423440 0.422448 -0.068819 0.654689 0.470195
-0.057940 0.037043 0.788715 1.353432 -0.124634 0.299117 0.155019 -0.234550 -0.311086 0.199390 -0.327767 -0.095457 -0.708434 -0.038198 0.364472 0.953397 -0.257720 0.170349 -0.018382 0.069394
0.154387 0.422357 0.307744 0.336029 0.444577 0.726587 0.476518 0.825092 0.324731 0.664237 0.708456 0.169430 1.112343 0.131477 0.251826 0.695317 -0.079453 0.883692 0.792002 0.128593
-0.007928 -0.034541 1.028869 0.993844 0.282503 0.310562 0.877127 -0.047409 0.265335 -0.202984 0.659300 0.325664 0.214413 -0.316967 -0.252148 0.245583 0.037259 0.393227 -0.016348 -0.177431
-0.014641 -0.214297 0.132325 0.472784 -0.372888 0.088692 -0.120340 0.949020 -0.383812 0.915837 -0.132076 0.377805 0.412232 0.187450 -0.492451 0.344865 -0.088407 1.274648 0.482901 0.180591
-0.255355 0.524555 1.178452 -0.611727 -0.768268 -0.163020 1.114218 1.073297 1.203838 -0.017854 -0.403251 -0.047776 0.403063 -0.274362 1.344656 0.730930 0.027597 -0.185085 0.685379 0.733705
-0.421560 0.785594 1.445651 0.187150 0.340809 0.238691 1.136539 0.417605 0.648062 0.637014 0.113426 -0.689696 0.379036 0.064517 0.373815 0.080453 -0.407678 0.281077 1.025254 -0.343070
-0.288125 0.944875 0.264179 0.134923 0.919940 -0.449987 0.245532 -0.071275 0.728466 0.147054 0.320739 -0.100904 0.269735 0.446719 0.959122 -0.173263 -0.093707 -0.517215 1.150665 -0.435797
-0.022651 -0.459970 -0.108697 -0.011818 -0.081052 0.369191 1.233513 0.224401 0.761516 0.736557 -0.144944 0.717704 -0.428322 -0.095607 0.007508 0.371706 0.470279 -0.163259 0.152465 0.219635
1.343720 1.866776 1.299850 -0.030533 1.053768 1.142051 0.169492 0.542175 0.165792 0.193460 0.181459 0.573136 1.161250 0.568440 1.747059 -0.036950 0.281585 0.599084 0.113452 0.834955
0.153679 -0.503435 0.393453 -0.239353 -0.349639 0.204914 0.490416 -0.166156 0.342286 0.784419 0.048221 0.313602 0.272888 0.608638 -0.573880 0.140191 -0.387239 0.639406 0.736047 0.051945
0.032611 -0.140690 -0.032127 0.849916 -0.329555 0.307928 -0.242670 0.334525 0.292051 -0.030358 0.517007 -0.187117 0.068804 0.656339 0.202809 -0.351297 0.165313 0.009213 -0.024480 0.501918
-0.176944 -0.702373 0.932697 1.039413 0.229091 0.824177 -0.384291 0.031311 -0.052229 -0.360358 -0.388809 0.077095 0.755661 1.423637 -0.325620 0.491777 -0.022938 -0.013184 -0.086004 -0.275847
-0.412732 -0.235054 0.301291 0.898481 -0.520917 -0.078008 -0.122523 0.656929 0.321194 0.138467 0.247542 -0.017797 -0.051245 0.122313 -0.046467 1.330814 0.035301 0.554051 0.071979 0.208153
0.068964 0.095737 0.979764 0.850797 -0.162320 0.945585 0.274046 0.097776 0.089465 -0.264054 0.331167 0.008240 -0.070669 0.162802 -0.130283 -0.158893 0.155248 -0.208215 0.001665 0.391993
0.326758 -0.261927 -0.109090 0.134095 0.453095 -0.306258 0.482945 0.357502 0.217734 0.748215 0.907136 0.013656 0.616172 1.331101 1.392039 0.780494 -0.141760 1.109971 1.042861 -0.003570
0.323862 0.593481 1.792061 0.207741 0.279635 0.846961 0.491049 -0.298655 0.595909 0.535760 -0.213492 0.146879 0.139062 0.522895 2.431014 0.509857 0.168651 -0.038334 0.490267 0.083593
-0.802581 0.018706 0.760901 0.352898 0.556413 0.420023 -0.905358 -0.394947 1.097813 1.015785 -0.310274 0.806216 0.029633 0.858967 0.462711 0.662126 -0.506052 -0.212533 0.829638 -0.640909
0.491660 2.440200 1.081992 0.792899 0.970679 0.475598 0.182316 -0.076011 0.873831 0.321261 0.439808 0.243119 0.223156 0.286177 2.902374 0.247296 0.498508 0.155164 0.467174 0.186417
-0.163715 -0.617475 0.236831 -0.238128 0.262135 -0.159140 0.316457 -0.221545 0.090357 0.179503 0.337335 -0.173364 0.441956 0.347914 -0.659648 0.017957 -0.109564 0.333704 0.064122 -0.408735
0.347121 -1.018796 0.773191 0.630141 -0.130911 0.767064 0.084315 0.643964 -0.207556 0.799623 0.215594 0.642555 0.256717 0.131576 -0.881890 0.439894 1.024252 0.304827 0.080726 0.183472
-0.468915 -0.252449 0.065343 1.714534 0.331484 -0.642552 0.080773 0.201295 -0.283533 -0.392412 -0.261158 0.616211 0.134009 0.421576 0.405517 0.225206 -0.105007 0.068513 0.347305 -0.061426
0.456568 0.244431 -0.091438 1.119500 -0.135531 -0.427786 0.248310 0.930566 -0.266724 -0.630154 -0.080672 0.524998 0.544378 0.531010 -0.243828 0.697428 0.037527 0.653344 -0.176772 0.380466
0.503414 0.441726 -0.233548 0.330553 0.488867 -0.028584 -0.245668 1.362562 -0.432569 -0.652968 -0.086955 0.566272 0.161469 0.887041 -0.368472 1.111259 0.159240 -0.128074 0.584043 0.504177
0.277023 0.397730 0.811384 0.400726 0.084010 0.611332 0.738201 0.360463 0.891964 0.754290 0.304979 0.498264 0.121761 0.384933 0.164004 0.419510 -0.046826 0.156168 0.539377 -0.028443
0.254352 -0.173926 0.690472 0.725926 0.075564 0.405509 0.574968 0.718336 0.239717 0.199649 0.474146 0.687336 0.164811 0.399777 0.980378 0.371996 -0.060224 -0.660750 1.031712 -0.171956
0.476255 0.636797 0.521473 1.034644 1.408755 0.352435 -0.162120 -0.026368 0.280600 0.544706 0.510934 0.235547 -0.144780 0.960979 0.464010 0.824601 -0.144817 0.513951 -0.107672 -0.974823
0.647186 1.469308 0.737898 0.463630 1.021495 0.197719 -1.320861 -0.131815 0.213373 0.845596 1.918113 0.769716 -0.158170 1.194758 2.407466 -0.008728 0.056041 -0.204567 0.444306 -1.034748
0.798053 2.515361 0.559627 0.160076 0.626384 0.809624 0.759674 0.112980 0.565365 -0.006941 -0.173483 0.189046 0.661029 0.859736 2.745211 0.643888 0.140944 0.711760 0.036630 0.400233
0.015956 -0.361859 0.555601 -0.216096 0.314571 0.007095 0.421075 0.023543 0.965750 0.185907 0.251338 0.063681 0.418256 0.835006 -1.012880 0.668241 -0.164878 0.180959 0.352339 0.191386
-0.179310 -0.559066 0.559111 -0.091848 0.505359 -0.023565 0.069014 0.238948 0.458338 0.312226 0.715166 0.534684 0.453513 0.814400 -0.890648 0.617424 1.074182 0.543420 0.012291 0.721157
0.388132 0.123620 0.212024 1.431264 0.345509 -0.430833 0.187523 0.207537 0.060492 0.123327 0.390519 0.585022 -0.194204 0.463799 -0.695333 0.835644 0.093359 0.318726 -0.143624 -0.124006
0.194991 -0.052641 -0.069346 1.486077 -0.316026 0.282470 -0.676502 0.149784 0.366121 0.462561 0.455029 0.205840 1.102123 0.060761 0.292726 0.547899 -0.373491 0.934808 -0.330331 -0.104639
-0.389719 -0.257396 0.197606 1.177877 0.134138 0.485682 0.383387 -0.146532 0.446896 0.785195 0.179416 0.184143 -0.092641 -0.113134 -0.264364 0.761758 0.190739 0.940922 0.541996 0.216143
0.239759 -0.040231 0.586539 0.575786 0.107395 0.135687 0.529901 1.243595 0.500783 -0.003716 0.759620 0.406528 0.110240 0.856256 -0.360962 0.982252 0.107479 0.649895 -0.062690 0.161517
0.399109 0.442366 -0.597885 0.241847 0.054022 -0.171031 0.875169 1.012105 1.211204 0.279238 0.593144 0.953998 0.008270 -0.488646 0.176060 -0.383285 0.211759 0.333851 -0.657503 0.852205
-0.280950 0.256714 0.716574 -0.029427 0.418750 -0.175356 -0.008947 0.524582 0.268143 0.315624 0.442117 0.069270 0.318785 -0.505832 0.628005 0.469649 -0.352620 -0.496362 0.933699 -0.392621
-0.124597 -0.852227 0.570930 -0.214640 -0.650383 0.092732 0.115701 0.125977 0.008853 1.098075 0.648316 -0.192791 -0.471128 1.317511 -0.029827 0.403784 0.117608 0.136203 0.401599 0.171316
-0.688141 -0.101693 0.032786 -0.344569 0.346270 0.220105 0.864506 -0.156645 0.599135 0.094316 -0.363422 0.417069 -0.831071 0.291107 -0.696197 -0.024587 0.049268 -0.225063 0.704714 -0.090293
0.750860 1.117117 1.283364 -0.210021 0.835441 0.451799 0.733913 0.556825 0.900765 -0.079425 0.792246 0.405660 0.797827 0.621181 2.027698 0.820124 0.091462 0.691580 0.304836 0.175029
0.306419 0.057061 0.662312 0.160016 -0.227780 0.023555 0.192216 -0.246912 0.697403 0.189174 0.912417 0.105345 0.472556 0.113025 -0.922786 0.497228 -0.675502 0.800632 0.509309 -0.274949
0.137607 -0.286528 0.214901 0.801222 0.346549 0.586563 0.285173 -0.657005 0.117457 0.485890 0.007348 0.223622 0.872813 -0.142038 0.351843 0.502119 0.290537 0.144388 0.728100 0.210580
0.026426 -0.017506 0.469817 0.454791 -0.130107 -0.005783 -0.276330 0.130173 -0.027051 -0.438677 1.220939 0.009097 1.171481 0.013840 -0.137135 0.097896 0.500036 0.275054 0.255942 0.435861
0.343118 0.384894 0.094323 0.977227 0.527275 0.230835 0.687625 0.692552 0.270724 0.361898 -0.148790 0.120193 0.173530 -0.060806 0.091894 0.935205 -0.051956 0.040922 0.822724 -0.319801
0.285099 0.196468 0.303861 0.933850 0.141735 0.013334 -0.140347 0.596402 0.329891 0.869851 0.182804 0.286012 0.470613 1.094893 -0.482664 0.689418 -0.010621 1.359884 -0.485371 -0.119380
-0.196901 0.293472 -0.218591 0.270075 0.907995 0.913074 0.246467 0.862378 0.790646 0.102127 -0.010891 -0.234098 0.305762 -0.677624 -0.349373 -0.370343 -0.030526 -0.344902 0.476979 -0.051928
0.077971 1.267541 0.861529 -0.279472 0.728974 0.202080 1.455691 1.113528 1.168793 0.537286 -0.413777 0.443636 -0.226200 -0.425199 0.398575 0.344726 -0.009970 0.582854 1.213015 -0.394690
0.180151 -0.279394 1.116968 0.224496 -0.023287 -0.051365 1.167010 0.486186 -0.202305 0.549783 0.881055 -0.103081 0.139625 0.525967 -1.575086 0.781214 0.344101 -0.251979 -0.029101 0.617435
-0.229427 -0.822663 -0.006139 0.897017 0.201792 -0.244513 0.634386 -0.316773 0.330587 0.527183 0.642012 0.264298 -0.264529 0.555137 -0.684635 0.948559 0.620743 0.171312 0.559505 0.165771
0.166147 0.176975 1.016851 0.813682 0.610910 0.121172 0.563051 -0.030217 -0.102742 -0.037945 0.690837 -0.523459 -0.417554 0.377779 1.009629 0.529663 -0.359263 -0.117057 0.932797 -0.785724
0.139146 0.604459 0.839662 -0.040368 -0.241218 0.492150 0.572551 0.428301 0.608265 0.221285 0.148210 0.255267 0.004988 0.156069 0.631885 0.769876 -0.026199 0.190236 1.105573 0.494923
0.123610 0.392514 1.050692 0.245421 -0.021317 -0.140214 0.738291 -0.081194 0.138536 -0.228606 0.573082 0.430365 -0.276077 0.802532 -0.308675 -0.327686 -0.546381 0.149903 -0.037372 -0.273007
-0.211834 -0.055252 0.881364 0.772483 0.893805 0.479763 0.241332 0.471197 0.321686 0.385738 0.918542 0.454090 0.694731 0.514753 0.668955 1.229883 -0.182368 0.850173 0.041553 0.238252
-0.157835 -0.246312 -0.210883 0.421295 0.081062 -0.173650 0.238786 0.631424 0.123004 -0.123679 0.017035 0.345091 -0.390324 0.679660 -0.080882 1.611700 -0.152104 0.650112 0.648198 -0.038552
0.059653 0.025897 0.277979 0.137110 -0.492812 0.204944 -0.006080 0.781862 -0.107343 0.365854 -0.252129 0.203304 -0.207238 -0.341151 -0.440972 -0.444938 0.463103 -0.307600 -0.568255 0.880332
-0.271557 -0.635982 0.094190 0.896594 1.384880 0.361425 0.084287 0.421856 -0.054277 0.275209 0.745602 0.407714 0.442018 0.110300 0.142476 -0.544338 -0.281248 0.301069 0.786643 -0.196166
-0.120147 -0.255627 -0.103147 0.674929 -0.039155 0.595055 -0.374519 0.429020 0.008598 1.283991 -0.084380 0.488645 0.081202 0.864345 -0.341370 0.044852 -0.003844 0.551287 1.350883 0.176704
0.493036 1.465149 0.273595 -0.734301 -0.112168 0.771901 0.187960 0.628534 1.514286 0.220227 -0.369121 2.459278 0.364911 0.704608 0.359973 0.822566 0.011032 0.330598 0.028132 0.391535
1.096835 -0.308687 0.883367 0.507243 0.823982 0.028840 0.165680 0.436520 0.974358 0.014704 0.399358 0.623934 1.136377 1.069855 -0.948414 0.653347 0.244452 0.241361 0.462695 0.476782
0.784127 0.752176 1.087472 -0.027544 0.857869 -0.404638 0.471846 0.975187 0.749742 -0.148015 0.340104 -0.755725 -0.065060 0.934733 -1.028905 0.497444 0.429010 0.491218 0.059838 1.283104
-0.072954 -0.542397 0.190499 0.180518 -0.403074 -0.673331 -0.048847 0.131934 0.634329 0.256992 0.354864 -0.423439 -0.180469 0.748735 -0.697914 0.825149 0.784326 -0.277919 0.305111 0.354584
0.525577 0.424518 0.104806 0.627041 0.269613 1.002156 0.162488 -0.221405 0.518458 -0.282316 0.575877 -0.319634 -0.018345 1.021020 -0.526282 -0.022613 0.341066 -0.531785 0.302479 0.091462
0.401049 -0.328486 0.039429 0.697910 -0.059191 0.129674 0.730048 -0.386124 0.077962 -0.201539 0.168013 -0.077290 0.277089 -0.230107 0.028008 0.116689 0.180387 0.560506 0.134071 -0.400440
0.206017 0.083277 0.336881 -0.029212 1.188297 0.305502 -0.107098 0.061631 0.657486 0.808430 0.394185 0.480164 0.933527 0.443837 -0.305414 -0.112781 -0.020288 -0.140519 0.200754 0.033605
0.143960 0.227761 0.125850 -0.744027 0.444071 -0.305958 0.081677 0.391937 -0.061349 0.190295 0.887913 0.350222 0.234559 -0.177083 0.029611 -0.058548 0.012021 -0.023534 0.276061 -0.129058
-0.314964 -0.524757 0.391768 -0.178336 -0.114409 0.468220 -0.151887 -0.083884 -0.559079 0.286107 0.330782 -0.502288 -0.540526 0.163643 -0.613739 0.570815 0.302035 0.574433 0.578032 0.137571
0.083102 -0.150518 0.280542 0.666288 0.060907 0.029733 0.805737 1.263534 0.211802 0.336244 -0.005036 0.022919 0.033788 0.297478 -0.128033 0.296577 -0.023346 -0.182665 0.996698 -0.006537
-0.000786 -0.111902 0.918711 -0.904643 0.684164 0.436150 0.440338 1.999436 -0.319389 -0.130278 0.363197 0.188584 -0.066883 0.441239 -0.087895 0.441414 -0.275041 0.779757 -0.234176 -0.288530
0.254486 0.213081 0.504129 0.121081 0.529832 0.193882 0.307859 1.166823 0.869995 0.302605 0.085432 -0.277453 0.213947 1.648362 -0.163843 0.969725 0.081231 0.372490 1.108145 -0.010911
1.001504 0.470059 0.694938 0.123141 -0.238938 0.046697 1.410354 0.569474 0.560528 1.159492 0.546465 1.721826 0.523225 0.460496 -0.707565 0.711962 0.026194 -0.289794 0.678173 -0.454548
-0.015357 -0.593085 0.380935 0.273582 -0.096990 0.227275 1.192370 0.239736 0.343473 -0.226526 0.161029 -0.777783 0.366646 1.483286 0.783097 0.072873 0.086931 0.083501 0.855678 0.549097
0.786212 0.108866 1.237278 -0.670026 0.070774 0.207900 0.517005 0.551551 -0.374557 0.182631 0.593417 0.344787 -0.408966 0.201295 0.793682 0.221089 -0.132665 0.330745 -0.061143 -0.422010
0.494554 0.768023 0.404547 0.150508 0.922817 0.594109 -0.361476 0.276135 0.127762 1.036959 0.277611 -0.204480 0.281086 -0.213513 0.065249 0.682402 -0.134256 0.011430 0.365960 -0.407388
-0.453300 -0.377042 1.040245 1.085912 0.859381 0.426745 -0.351431 0.212794 -0.314437 0.733459 0.501174 0.591310 0.055515 0.720261 0.167443 0.595580 -0.270779 0.357480 0.050169 0.127500
-0.050792 -0.428510 0.097107 0.425051 0.413958 -0.156256 -0.455747 -0.407508 0.063895 0.001357 1.212066 0.184030 0.451925 0.968566 -0.265436 0.327909 0.062711 0.142005 0.136719 0.260613
-0.002375 -0.292994 0.697017 1.184398 0.404118 0.498503 0.171764 1.017969 0.145582 -0.050950 0.464185 0.314787 0.110630 -0.256151 -0.284855 0.700038 -0.015147 0.368121 -0.148324 0.029049
-0.115920 -0.224279 -0.021401 1.098315 -0.385760 -0.144692 -0.198705 1.351018 0.035076 0.193527 0.704190 -0.051388 -0.030193 0.617185 -0.798554 -0.239826 -0.101662 -0.094082 -0.125379 -0.061959
0.062316 0.030421 -0.091422 1.316030 0.515582 0.857689 -0.050771 -0.510003 0.202004 -0.000629 0.280652 -0.315317 0.116863 0.506833 -0.066576 -0.261923 0.030767 -0.125497 -0.003967 0.217715
0.503411 0.633162 0.338844 -0.389555 -0.094067 -0.509911 0.343875 0.366518 0.064247 -0.686174 0.229345 0.318130 0.398375 1.061426 0.485627 0.461686 -0.439584 -0.015372 0.444827 0.470140
-0.101741 0.887805 0.551551 0.124487 0.198816 1.106447 0.708375 -0.011304 1.222257 0.397626 0.147179 -0.425716 0.356154 0.137572 0.365844 0.163778 -0.321195 0.950997 0.308940 0.097804
0.614786 1.283440 -0.396040 0.446000 0.964890 0.732046 0.641510 1.030831 -0.066548 0.337982 0.484154 -0.301793 1.296092 1.431430 0.052753 -0.098493 -0.335616 0.951354 0.720011 0.516011
-0.658535 0.492499 0.983180 0.825663 0.212176 0.045671 0.941562 0.138715 1.337937 1.093237 -0.680200 0.572204 0.425958 0.953468 0.318165 0.879392 -0.013740 0.308669 0.975954 0.264301
0.211605 -0.260233 0.490858 -0.317582 0.337062 0.224330 0.005780 0.550488 0.101505 0.896111 1.168610 0.068813 0.544828 0.848225 1.542000 0.006073 -0.122002 0.377646 0.369634 0.302553
0.596839 0.084787 -0.374900 0.908450 0.198860 -0.006908 -0.266250 0.265321 -0.075061 -0.044905 -0.077904 0.045122 0.440952 0.460133 -0.025901 0.408843 0.023854 0.130286 0.061976 -0.138602
-0.104712 0.071751 0.066262 0.871680 0.667336 -0.128812 -0.660728 0.349748 0.662325 0.959349 1.094167 0.075123 0.277778 -0.266388 -0.039857 1.116268 0.259595 0.391093 0.112930 0.137745
0.211154 -0.256709 0.080563 0.472862 0.502835 0.614515 0.041927 0.500334 0.060717 1.160423 0.077386 0.055704 -0.131232 0.384676 -0.242581 0.154113 0.259215 -0.020791 0.802486 0.170360
0.208359 -0.247187 0.179750 0.279153 0.074674 -0.054328 0.168790 0.390435 -0.593152 -0.363674 -0.026664 -0.393716 0.551029 0.250133 0.449160 0.063153 -0.077412 -0.501234 0.423528 0.163120
0.242524 0.290448 0.503193 -0.192937 0.272558 0.567405 0.335518 -0.215758 0.435041 0.660917 0.656466 -0.093343 0.029835 -0.047036 0.061347 -0.523733 0.202302 -0.087881 -0.030609 0.097405
0.410282 -0.441938 -0.301235 1.709119 0.823233 0.230480 0.288052 -0.115869 -0.444345 0.280455 0.394295 -0.010591 -0.017295 -0.073463 0.164388 0.648367 -0.195016 0.506544 0.050214 -0.531538
0.263539 -0.084890 -0.173407 0.388819 0.192532 0.065222 -0.718339 0.555316 -0.090556 0.475429 0.682735 -0.162225 0.171997 -0.369858 1.411531 0.273294 -0.454210 0.329221 -0.163725 -0.352696
-0.500552 -0.358429 0.111313 0.150673 0.107145 0.690499 -0.597896 0.751098 -0.758051 1.055745 0.452900 0.960966 0.485439 0.222307 0.613295 0.653166 -0.346934 1.196487 0.626867 1.466320
-0.199435 -0.016028 -0.290554 0.848281 -0.659165 0.402519 -0.245402 0.646693 0.644773 0.558279 -0.122838 -0.098583 0.470064 0.101315 -0.000554 -0.738432 -0.157650 0.217392 0.223829 -0.165346
-0.012218 0.051484 0.227105 -0.111428 0.185982 -0.130246 -0.581732 0.235565 0.331913 0.032769 0.873421 -0.363359 0.995842 0.506674 0.242646 0.244793 -0.387754 -0.054254 -0.261294 -0.367067
0.090328 -1.122370 -0.231344 0.197383 0.075182 0.160187 -0.126762 0.424044 -0.074426 0.986042 -0.225603 0.309224 0.042568 0.318039 -0.374814 1.309739 0.486964 0.034558 0.131214 0.570296
-0.057646 0.045806 0.549740 1.155182 1.023383 0.524075 0.714628 0.521903 0.970595 0.886469 1.114694 0.556736 0.566389 -0.500129 0.270831 0.551858 -0.262337 0.756239 0.147041 -0.177577
0.210704 0.160191 1.939917 0.015048 0.424476 1.865360 1.177729 -0.203415 1.005019 0.388685 0.718511 0.073639 0.103632 0.012820 -0.163933 0.631972 0.081186 0.250150 -0.010144 -0.117259
0.065485 0.254736 0.047834 1.284687 0.562505 0.763378 0.359632 0.366157 0.327146 -0.054374 -0.018118 0.120109 0.432527 -0.283992 0.302995 -0.112261 -0.151969 -0.007001 0.289460 -0.169887
0.212729 0.516946 0.632053 0.890186 -0.063865 -0.320733 0.748571 0.285697 0.523583 0.426272 0.026902 0.551019 -0.049066 1.327292 -0.562335 0.747688 0.126725 -0.009690 1.194734 0.024661
-0.160179 0.352169 -0.286713 0.503333 0.753159 1.511854 0.902678 0.959580 0.768614 0.454709 0.237869 2.019099 -0.392668 -0.649924 -0.128947 0.225305 0.335215 0.796826 0.265446 0.111335
0.631092 0.685988 0.732156 0.809886 0.018997 0.018063 0.460617 -0.013400 -0.104984 0.892086 0.328039 -0.391687 -0.475251 0.975042 0.162694 0.297876 -0.505558 0.977930 -0.053106 -1.054543
0.124002 0.550645 0.255549 -0.094917 0.877431 0.065857 -0.441957 0.947433 0.639503 0.872148 0.188307 0.425304 0.548236 -0.123010 0.360861 0.550102 -0.338191 0.149444 0.028913 -0.524023
0.166810 0.465275 -0.029754 0.514786 0.855018 0.870636 0.289214 1.548411 0.316205 0.291936 0.728100 2.324723 0.212926 -0.520790 -0.255858 -0.238957 0.314100 0.165402 0.305480 0.350251
-0.182413 0.166426 -0.093144 0.155322 0.732620 0.445330 -0.071628 0.841313 0.140724 0.373487 0.354260 -0.392872 0.330925 -0.293551 0.579233 -0.106598 -0.110406 -0.398723 0.619588 -0.053093
0.426623 -0.288159 -0.275903 0.456253 0.600021 0.213539 0.114663 0.819006 -0.221857 1.947969 -0.190313 0.061982 -0.017815 0.716556 0.162630 0.907679 -0.344511 0.355146 0.574084 -0.858344
-0.076370 -0.420220 -0.269726 0.542017 1.110740 0.333268 0.305971 -0.302261 0.190141 0.000722 0.789337 -0.073221 0.159027 0.324812 -0.190134 0.076330 0.226280 -0.345917 0.979456 0.589505
0.015372 -0.999054 0.936655 -0.298170 1.100748 0.485715 0.390068 0.715381 -0.435647 1.105088 0.652699 -1.065932 -0.025513 0.579844 0.335300 1.376365 -0.034350 -0.184431 0.929887 -0.668960
-0.475610 0.604704 0.697735 0.072026 0.450848 0.396245 0.946924 1.233498 0.456506 -0.374290 -0.945404 1.268442 0.056639 0.267803 -0.532467 0.724162 0.102067 1.326909 0.119343 0.196633
0.130112 1.260341 0.485600 0.966417 0.388774 -0.599459 0.938925 1.459452 0.985198 -0.521380 -0.135860 1.105669 0.017092 0.426075 0.274664 0.156430 -0.072757 0.950753 0.059838 -0.699421
-0.457383 0.377050 0.633909 0.201595 0.022706 0.436113 -0.208456 0.457241 0.639844 1.056831 0.185005 -0.737811 0.267678 0.182805 -0.848146 0.581817 0.410499 0.363954 0.741952 -1.089022
-0.168472 0.748187 0.453825 0.439387 0.406480 0.387063 0.172451 0.946429 0.618632 0.521796 -0.299396 0.105206 0.604882 0.837869 -0.465624 0.850752 0.315000 0.286329 0.025567 1.815871
0.190019 0.132261 0.429895 0.417674 0.449644 0.199348 0.464366 -0.038516 0.157629 0.146483 -0.125625 0.212950 -0.109041 0.002655 0.420236 0.158594 -0.160543 0.693976 -0.523000 -0.065498
0.025670 0.080646 0.213207 1.331559 0.413235 0.624593 0.482682 1.757231 0.462127 -0.293387 0.031053 2.286875 0.391200 0.428381 0.275219 -0.261898 0.055636 0.068047 -0.037502 0.348989
0.209696 0.144428 -0.003143 -0.135007 -0.247971 0.165281 0.071332 -0.302006 0.370251 0.447980 0.250453 0.428830 0.114040 0.847453 -0.419018 -0.274918 0.082554 -0.376954 0.688897 -0.023093
-0.071954 -0.007486 0.113910 1.048453 0.782277 0.878678 0.055110 0.870942 0.740928 0.475823 0.867930 -0.388942 0.416852 -0.164502 0.389414 0.303251 -0.184390 -0.029653 0.664418 0.193095
0.440079 -0.144496 0.853237 0.654367 0.854870 1.210943 1.019348 0.148568 0.128921 0.977543 0.337209 0.280015 0.004725 1.455959 0.219419 -0.669718 0.003557 0.797841 0.700258 -0.349387
-0.122125 -0.141214 0.208645 0.492755 -0.130121 -0.132949 0.688196 1.033294 -0.866767 -0.049171 -0.227835 1.824399 -0.132595 -0.074003 -0.949927 0.078990 0.115066 1.069942 0.829665 0.269950
-0.230270 0.431462 -0.148613 -0.115649 0.769340 0.157235 -0.153807 0.477787 -0.243604 -0.116847 -0.217577 -0.179393 0.369764 -0.253530 0.511224 0.039689 -0.052349 0.201639 0.506471 0.122851
-0.160444 -0.371112 0.635799 -0.058162 -0.396989 0.112845 -0.101603 0.281141 0.065457 0.274916 0.894850 -0.276434 0.303707 0.915845 -0.006362 0.867761 0.109311 0.300577 0.466969 0.701282
0.191315 -0.667578 -0.436244 0.793513 -0.213161 0.558645 -0.410940 -0.054045 0.252593 0.062965 0.482475 0.239442 -0.654322 0.841721 -0.236811 1.104389 0.489539 0.590147 0.214620 0.933804
0.138619 -0.275822 0.697939 -0.260421 -0.438609 0.158104 0.539747 0.558046 -0.512380 -0.316680 1.118051 0.271019 0.411146 0.263206 -0.562430 -0.178161 0.095710 0.614109 0.214465 0.744709
-0.097198 0.000050 0.143608 0.097056 0.438063 -0.383048 0.709454 0.608753 0.652491 1.242414 -0.110206 0.075781 -0.365616 1.259213 0.372469 0.537331 -0.855011 0.202162 0.716731 0.253690
0.183370 -0.023642 -0.187529 0.402831 0.228924 -0.103380 0.151085 0.897347 0.232869 0.612179 0.169996 1.410726 -0.218309 0.393621 0.046193 0.222852 -0.144674 -0.067745 0.268655 -0.591862
0.088234 -0.107155 0.126779 0.042824 0.007941 0.455049 -0.221999 0.546075 -0.281679 -0.492230 0.062011 1.710295 0.084945 0.201265 -0.539790 0.421089 0.119563 0.668124 -0.067493 0.180582
0.162852 -0.353212 0.663586 0.364829 0.300624 0.318559 0.410165 1.020325 -0.097033 0.592926 0.138500 0.715932 0.000084 0.295077 0.020302 0.119373 0.049789 0.419391 -0.189329 -0.032205
0.653718 0.271264 -0.031574 0.846446 1.100158 0.372979 -0.292739 1.022635 0.042095 0.270286 0.669965 0.671362 -0.142629 0.123359 0.022251 0.761815 -0.038153 0.293053 -0.231933 -0.230672
0.026752 0.039101 0.450652 0.009383 -0.155334 0.454264 -0.367053 0.584753 0.111342 -0.346578 0.396852 0.544567 -0.057268 -0.724068 -0.100879 0.266413 0.095466 0.652192 -0.903124 0.189222
0.048686 -0.420708 -0.024018 -0.035096 0.368204 0.254245 1.017740 0.467119 -0.195909 0.342825 -0.003236 -0.048213 0.199841 -0.034354 1.153023 -0.164968 0.198339 0.086181 -0.059548 0.559787
0.051294 0.337019 -0.070502 -0.388705 -0.215322 0.603909 0.210231 -0.223850 0.146602 0.128636 0.674975 -0.393606 -0.665474 0.645947 0.535393 -0.608369 0.441120 0.773725 1.009705 0.495885
0.174024 0.275410 -0.092264 0.237524 0.125870 0.103727 0.083286 -0.150828 0.808485 0.686928 0.242284 0.456230 0.352155 0.674482 -0.210320 0.911759 0.165977 0.687199 0.175756 -0.463441
0.509269 0.959888 0.637433 0.568595 0.054705 0.934404 0.390894 0.086085 0.214897 0.295395 -0.034408 -0.027732 0.597673 0.315299 1.553352 0.730272 1.068290 0.447481 0.136733 0.576123
-0.218257 -0.715685 0.233044 0.157139 0.080096 0.108258 0.191672 0.426052 0.372490 -0.125877 0.176216 0.262166 0.830671 0.832516 -0.194808 0.031796 -0.104230 0.833378 0.670128 0.180306
-0.071299 0.001100 0.406940 1.365345 0.207629 0.243010 0.360640 0.862574 0.186800 0.440318 0.034882 0.823277 -0.251626 0.054534 0.202510 0.118581 -0.064840 0.449410 -0.068311 0.188583
-0.095618 -0.170744 -0.006390 0.502263 0.352080 0.278298 0.431474 1.414922 0.241820 0.335319 0.119050 1.473438 -0.394032 -0.045691 0.006261 0.273183 -0.035991 0.431801 0.137744 -0.445655
0.250410 -0.255081 0.280496 0.403834 0.335090 0.137389 0.340547 0.023901 -0.493283 -0.225495 0.333652 0.349848 -0.100745 0.978244 -0.356765 0.405136 -0.001952 0.133446 0.564220 0.088937
-0.263575 -0.107065 0.102260 0.538337 0.467732 0.549729 0.495992 1.144300 0.490522 0.372607 0.077450 0.831369 -0.229571 -0.248494 -0.434563 0.413734 0.337734 0.454792 0.071770 0.948375
0.367087 0.565777 -0.933746 0.419946 0.686117 -0.260728 -0.314226 1.403400 0.262295 0.602369 -0.365711 0.432842 0.817876 -0.059274 0.379351 0.001829 0.016291 -0.160316 0.617455 0.529609
0.164856 0.148596 0.640035 0.357064 -0.015367 0.725241 0.214828 -0.180081 0.074092 0.323529 0.549476 0.615906 -0.057090 -0.137191 -0.517983 0.522389 -0.259944 0.574702 0.342945 -0.698247
0.459067 -0.590874 0.774429 0.482084 0.329976 0.159072 -0.305400 0.396405 -0.243564 0.647451 0.177885 0.222198 0.029109 0.564640 -0.816584 0.175173 1.486773 0.050702 -0.004247 0.237365
-0.078049 2.228988 0.427991 0.264970 0.914854 0.518652 0.719821 0.162434 0.497273 0.298984 0.390032 0.456633 1.226969 0.539525 2.279662 0.918033 1.921631 -0.230221 0.545385 -1.003660
0.630031 -0.529136 0.297467 0.320384 0.114700 -0.028286 0.526045 -0.261874 0.322144 -0.022186 0.663216 0.149067 0.633635 0.291583 -0.534788 0.499008 0.054078 0.488462 0.257678 0.028513
-0.050399 -1.177025 -0.165928 0.260644 -0.330321 0.341207 0.481303 0.593657 0.080639 0.506642 0.179778 0.136354 0.330366 0.160999 -0.398188 0.393606 1.214067 0.388020 0.595892 0.699083
0.209863 0.194437 0.048620 -0.150923 -0.120414 -0.125233 0.149418 1.286238 0.267371 0.137434 0.340022 0.649772 -0.039069 0.125313 0.151436 0.260166 0.128299 -0.207341 0.668824 -0.009831
0.033340 0.084775 -0.135551 0.141922 0.003041 -0.149594 -0.035590 0.693778 0.064424 -0.194403 -0.123260 0.730585 0.078831 0.323356 -0.032674 0.286848 -0.038868 0.151354 0.270982 0.054405
-0.175420 -0.130185 0.178483 0.257886 -0.061316 0.331397 0.592335 0.811742 0.407013 0.357864 0.131762 0.542982 -0.035615 0.026613 -0.194524 0.572341 -0.128207 1.018384 0.516623 -0.095348
-0.131783 -0.471344 0.802678 0.990677 0.015626 0.646776 0.462009 0.441703 0.114666 1.286152 0.085638 0.896641 -0.061273 0.321791 -1.010713 0.346536 -0.090264 1.090661 0.448890 0.080764
-0.229455 -0.216325 0.268842 0.510463 0.575479 0.142761 0.290318 0.363910 -0.204586 -0.634746 0.161234 0.976771 -0.285969 0.374153 -0.395588 0.891421 0.123766 0.752698 -0.066099 0.098184
-0.650173 -0.626808 0.343238 0.223237 0.761897 0.861151 -0.538605 -0.321540 -0.055758 0.467625 0.350467 -0.307766 -0.784257 0.672891 -0.876167 0.580881 0.637187 0.270913 0.761015 0.579695
0.529007 -0.367417 0.215297 0.687405 -0.169435 0.663997 0.075786 0.493781 -0.148048 0.044647 0.370575 0.638880 0.266929 1.366864 -0.009558 0.819577 -0.319676 0.673821 -0.137388 -0.750040
0.635880 2.178510 0.811117 0.555780 0.698090 1.008574 0.028682 0.628498 0.120202 0.698087 0.555070 0.004759 0.540381 -0.086099 2.922854 0.311627 0.646685 0.416492 -0.075385 -0.199043
-0.100418 0.067371 0.902462 -0.189533 -0.140332 0.233603 -0.183143 0.304047 0.044950 0.009676 0.801996 0.040671 0.222898 0.688879 -0.425950 -0.049779 0.443382 0.048307 0.894238 0.174747
0.395970 -1.076988 -0.035231 -0.188866 -0.327223 0.673220 -0.153381 0.590732 -0.242351 0.283026 -0.141868 0.491333 -0.147393 0.204229 -0.608160 0.087540 0.616958 0.597677 0.331169 -0.226211
-0.263978 -0.211025 0.212370 0.529649 0.204588 -0.086761 0.006460 0.732094 -0.093954 0.482956 -0.419078 1.039688 0.225323 0.259058 0.188592 0.124068 0.011065 0.219548 0.050856 0.498777
-0.050375 0.100217 0.731730 -0.079943 0.706841 0.757068 0.168942 0.224557 0.366107 0.548024 0.205131 0.996215 -0.351767 0.171807 -0.399582 0.552496 0.025594 0.434074 0.159669 -0.211756
0.010483 0.262251 0.427056 1.347184 0.394233 -0.226463 0.284910 0.181695 0.537233 0.581830 0.143458 0.999828 -0.001244 0.001886 -0.322566 0.158189 0.077767 -0.239463 0.120862 0.210196
0.190304 -0.161554 0.651720 -0.007648 -0.329559 0.575555 0.336123 -0.655343 -0.181367 0.861362 0.463660 0.320132 0.045836 0.213717 0.313275 -0.303627 0.068213 1.306093 0.293824 0.160530
0.301546 -0.369998 0.741079 0.315655 -0.002053 0.369043 -0.438881 1.011510 -0.237077 0.924341 0.588142 -0.270558 -0.013374 0.797840 -0.150144 0.670442 -0.207613 0.459475 -0.035962 -0.623802
-0.285567 -0.206547 0.966654 -0.156479 -0.183235 0.038844 0.575717 -0.471741 0.077678 0.691639 0.043745 -0.242275 0.215748 -0.279106 -0.435931 -0.365502 0.282024 -0.304552 0.370260 0.523837
0.046026 -0.247373 0.222741 -0.237295 -0.067591 0.544846 -0.331446 0.400167 0.113386 0.395921 0.573094 -0.270492 -0.308925 0.668624 -0.196989 -0.269699 0.383869 0.284479 0.545896 -1.125015
0.226701 0.094537 0.535430 -0.347216 0.362114 -0.025384 0.267614 -0.222822 0.160998 0.580754 0.206579 0.317503 -0.349676 0.692780 -0.088884 0.806357 -0.573560 -0.988662 0.909276 -0.495530
0.419220 1.173511 0.911648 0.010460 0.019041 0.868074 0.961932 -0.055572 0.425169 -0.201693 0.482602 0.121402 0.156316 0.014292 1.106556 0.702289 0.344821 0.874493 0.678549 0.871790
0.239469 -0.248310 0.355240 -0.194558 -0.276292 0.146910 0.551264 -0.142427 0.141535 0.033772 0.836083 -0.064343 0.086553 0.800472 -0.404771 -0.185634 0.024362 0.852374 0.026150 0.075357
0.052923 0.029217 0.411435 0.220512 0.318813 0.578982 -0.053218 0.821463 0.314144 0.237431 0.696807 1.489668 -0.047729 0.232207 -0.209098 0.185077 -0.012970 0.176257 0.052789 -0.117936
0.381993 0.131830 -0.278740 1.384390 -0.173729 -0.242238 0.120478 -0.323140 0.032013 -0.103442 0.243363 0.325688 0.400016 0.534535 0.844124 -0.305446 -0.172469 0.634982 0.199775 -0.168873
0.255351 -0.066284 0.663020 1.195758 0.078492 0.655143 1.109404 0.290713 0.483858 0.490987 0.248826 0.387164 -0.095005 1.450669 0.458358 -0.021998 -0.129596 0.222983 0.740028 -0.066731
0.341399 0.199635 0.433668 0.651310 0.313253 0.538612 0.976651 -0.429801 -0.055834 0.669116 -0.546967 0.678345 -0.070910 1.138954 -0.068488 -0.056085 0.235420 1.220184 1.160527 0.671332
0.200965 -0.490036 -0.584286 0.465563 -0.523492 0.803336 0.126722 0.400566 0.466612 1.185515 0.682330 1.540101 -0.217021 0.115815 -0.371329 0.837725 0.040207 1.317733 0.629682 -0.209474
0.079582 0.068819 0.951502 0.046762 0.992754 1.205302 0.844736 -0.161092 0.500277 0.753494 -0.360012 0.087030 0.288200 0.467418 -0.192596 0.134554 -0.119414 0.905620 -0.012532 -0.091765
-0.741534 -1.098351 0.410788 -0.013867 -0.558880 0.358953 0.305170 0.115738 0.650016 1.312807 1.215526 -0.198071 -0.016708 0.945425 -0.963877 0.849984 0.297361 -0.204373 0.474809 0.280371
0.206385 -1.002011 -0.517688 0.023870 -0.682634 -0.346337 0.417115 0.246966 -0.130044 0.332819 -0.169001 0.424741 0.514715 1.020230 -1.181638 0.975815 0.168975 0.897702 0.809924 -0.592702
0.435204 -0.554154 -0.158801 0.161472 0.801191 -0.590399 1.048084 -0.263992 -0.087724 0.610475 0.074959 0.455905 -0.063554 0.874460 -0.139298 1.021619 0.107037 0.828479 1.020992 0.363957
0.229672 0.386871 1.366455 0.204550 0.127799 0.079283 0.714609 -0.166980 0.526034 0.411297 0.105984 0.311143 -0.214805 0.578283 0.243307 0.577468 1.195834 0.312318 1.188075 0.029548
0.085165 0.127199 -0.054464 1.002740 -0.321757 0.232955 0.123860 0.253079 0.425600 0.156852 0.524823 1.073850 0.719450 0.033843 -0.193502 -0.173531 0.027876 0.095592 0.643836 -0.055148
0.456816 0.127028 0.966694 -0.216844 -0.402452 1.145425 0.676529 -0.016127 1.121557 0.840638 0.856256 -0.232113 1.217184 1.413863 -0.124542 -0.053348 0.122141 0.463067 0.137908 0.621457
0.442432 -0.363747 0.638384 -0.051882 -0.420875 0.516901 0.502439 0.692183 0.856095 1.506462 -0.227426 -0.192145 0.110759 1.025555 -0.142545 0.017054 0.054377 -0.041662 0.626003 -0.066936
0.841924 -0.659378 0.446867 0.624771 0.361483 1.795576 0.607097 -0.014612 0.826292 0.213087 1.378047 0.369061 0.107029 0.266387 -0.105630 -0.257480 0.052901 0.850877 -0.304211 -0.330271
-0.345552 -1.333071 0.510575 1.102371 0.079168 0.638651 0.667138 0.501707 -0.093741 0.766461 0.996724 1.515410 -0.510353 -0.598459 0.025384 -0.071492 0.354032 0.273054 0.112588 0.247470
0.352939 1.125510 -0.532853 0.120117 1.023984 0.581858 -0.130970 1.597092 0.590725 0.013503 0.064601 1.052431 -0.035439 0.155209 0.690934 -0.423801 0.046236 -0.831594 0.949373 -0.298439
0.342759 0.147742 0.805434 0.114865 0.759236 1.485435 0.642372 0.131642 0.781091 0.776055 0.222501 0.846486 0.049002 1.213808 -0.443096 0.328382 0.554580 0.109276 0.497698 1.250685
-0.443711 0.840979 0.844041 0.098197 0.541788 0.638152 -0.239938 0.462774 0.917186 -0.207585 1.118906 -0.176085 0.621067 -0.028400 0.111917 0.367349 0.126799 0.660550 0.639007 0.284424
0.635074 0.421596 0.074116 0.428754 0.594101 0.610341 0.695290 0.876478 0.196887 1.033018 0.109261 -0.102519 0.588215 0.088591 0.217974 0.453520 0.083130 0.238625 0.942715 0.867574
0.623038 0.038220 0.087062 0.523147 0.356949 -0.095745 0.453150 0.419261 0.006392 0.468500 0.766582 0.575859 0.161361 1.240803 0.202403 0.482160 -0.113629 0.662940 0.779680 0.022797
0.063606 -0.055146 -0.468384 1.133043 0.746701 1.289926 0.444377 -0.030861 0.314835 0.381714 -0.437355 -0.136794 -0.305372 -0.111040 0.171233 -0.478888 0.071826 0.258302 -0.373905 0.253957
-0.452941 0.079402 0.249890 -0.371880 0.136570 -0.000002 0.178682 -0.669417 0.234266 0.236649 -0.431465 -0.220152 -0.724278 0.202359 0.843906 0.081923 0.079238 0.337191 0.578137 -0.090262
0.825743 0.213034 0.010440 0.715993 -0.840399 -0.021048 0.608721 0.326381 1.370596 -0.070280 0.385976 -0.249097 -0.605846 0.257498 -0.008765 -0.396482 0.142790 -0.521268 0.262336 0.366878
0.395109 -0.601582 -0.161983 0.888055 -0.275680 0.210019 -0.479502 0.384436 0.251986 1.749145 0.583013 0.021302 0.665275 -0.264072 0.357242 0.726789 -0.357402 0.483327 0.057879 -0.207132
0.063644 0.645120 1.066543 -0.195473 0.100674 0.341358 0.284009 1.055453 0.724857 0.013974 0.459699 0.089527 -0.091899 -0.294675 0.706010 0.259025 -0.022957 0.428900 -0.335184 -0.221064
0.403831 0.163367 -0.174423 0.263035 -0.288370 -0.135916 0.716448 0.293552 0.087202 0.319297 0.134957 0.166068 0.251057 0.676780 0.181730 -0.918636 -0.054646 -0.330248 0.737041 -0.104247
0.193542 0.695485 -0.108442 0.891266 0.292132 0.664689 1.203578 0.999518 1.229280 0.338329 -0.325514 0.521860 0.095708 0.480746 0.162601 -0.386209 0.002931 0.833753 0.208472 -0.188514
-0.387563 1.276101 0.521436 0.562792 0.679074 1.184083 1.019590 0.609582 0.775993 -0.151960 -0.080932 1.431845 -0.264270 -0.670824 0.753500 0.140238 0.211737 1.041067 -0.175938 0.038710
-0.573141 -1.415968 -0.652400 0.497893 -0.426385 0.458921 0.455006 0.734956 0.021842 1.023360 0.521877 0.963512 -0.014500 0.347392 1.241104 -0.346405 0.143952 1.472884 -0.287532 0.877959
-0.604360 0.263556 0.899932 -0.078480 0.455934 0.227910 -0.327513 -0.619741 0.269134 0.535046 0.453432 -0.340192 -0.058008 0.347038 0.222287 -0.191690 -0.087974 0.042615 -0.039359 0.242623
0.304502 -0.005701 0.580200 0.313238 0.437692 0.783716 0.057996 0.038556 0.143251 0.183119 -0.078424 0.416181 1.494492 0.046582 -0.086226 0.428623 -0.215495 -0.023253 0.164070 -0.313716
0.190495 0.690596 0.033584 -0.031318 0.355169 -0.031808 0.426414 -0.143011 0.448750 -0.695115 1.169334 0.159304 0.238874 0.466214 -0.331278 0.995791 0.437628 0.645317 1.198438 0.008297
0.743522 0.247022 0.182691 0.619318 -0.359554 -0.153691 -0.147068 -0.216932 0.704891 -0.100032 0.118371 0.353041 -0.376951 -0.698262 -0.163706 1.006876 0.378981 0.317771 -0.959615 0.396412
0.323346 0.153493 1.437930 0.555325 -0.203894 0.404809 0.175258 0.591077 0.604189 1.011429 -0.011098 0.264646 -0.151197 0.185697 -0.199377 0.510643 0.041238 0.164269 -0.177104 0.007197
-0.228318 -0.297217 0.176308 -0.552033 0.347084 0.316402 -0.030830 -0.825409 0.369045 0.769299 -0.002349 -0.209031 -0.038247 0.315889 0.053815 -0.104793 0.034249 -0.007999 -0.012509 -0.208955
0.034723 -0.045224 0.126772 0.937863 0.290526 0.220994 0.011750 0.061643 0.388046 1.282592 0.344961 0.325852 0.157699 -0.087325 -0.045138 -0.100658 -0.026963 0.216865 0.340810 0.088202
-0.017400 0.163984 0.540823 0.114448 -0.033225 0.063459 -0.464470 -0.213313 -0.115634 -0.181288 -0.077385 0.201512 0.256876 0.815426 0.001713 0.442019 -0.255264 0.430156 0.226971 -0.474444
-0.228251 0.578561 0.767795 1.103113 -0.018413 0.005937 0.226114 0.901577 0.225172 -0.283431 0.210265 0.028584 0.037751 -0.453397 0.325668 0.509762 0.408682 -0.167842 0.538352 0.902347
0.736756 0.381175 0.058298 0.679033 0.005184 -0.948699 1.281987 0.618573 -0.491847 1.633558 0.246734 0.929602 -0.245933 0.593041 0.471543 -0.520845 -0.308309 0.955415 0.449696 -0.572042
0.355644 -0.152443 0.239495 0.409398 0.323980 0.093305 0.471706 1.091646 -0.083811 0.188706 0.375644 -0.740954 0.366136 1.103249 -0.074592 -0.028592 0.188175 -0.441205 0.410820 -0.284460
0.210266 0.268128 1.112523 0.101384 -0.219485 -0.229615 0.014199 0.048222 0.608505 1.042811 0.316838 -0.266417 -0.104856 0.899596 -0.009616 0.132022 0.200491 -0.431821 0.358140 0.501013
0.266801 0.232969 0.546612 0.601156 0.145385 -0.220377 1.015990 0.743081 0.082131 -0.269542 0.853924 0.633561 -0.013980 -0.322721 0.203167 -0.086061 -0.059640 0.198715 0.409899 -0.062822
0.152714 0.243808 0.293368 1.120800 0.477963 0.307490 0.317429 1.152532 0.545548 0.315629 -0.459169 0.431139 0.117415 0.780447 -0.400424 0.880591 0.235393 0.610415 0.098296 0.209177
0.295084 0.159138 -0.229185 0.269048 -0.357821 -0.293132 0.623691 0.691293 0.295963 -0.223614 -0.052364 1.318527 0.161999 0.272477 -0.596659 0.554458 0.462639 0.425846 0.152125 0.599122
0.018683 0.014954 0.528460 0.168688 0.422744 0.482195 0.753534 0.179905 0.482556 0.580924 0.191377 0.900272 -0.314315 0.856156 -0.670968 -0.024912 0.108885 0.240457 0.791644 -0.198050
-0.059676 0.287018 0.094365 -0.075766 -0.045495 0.206371 0.128886 0.114754 0.475694 0.326388 -0.257853 0.995976 -0.126317 0.069671 -1.281607 0.682359 0.205216 0.149090 0.197679 0.317425
0.163758 -1.738630 1.154098 0.546328 -0.019484 0.589334 0.984164 0.134442 -0.327600 0.674634 0.302680 0.629862 0.708111 1.121960 -0.317759 0.497372 -0.446015 -0.009491 -0.633516 0.787392
-0.230008 -0.162619 0.241638 1.007317 0.572053 0.248003 -0.119830 0.003062 0.563275 0.735424 0.240657 0.295059 -0.398924 0.706202 0.438739 0.244332 0.058102 0.465783 -0.166988 0.099859
-0.097448 -0.113971 0.069842 -0.637002 0.615668 0.334890 -0.453192 -1.011186 -0.213406 0.519266 -0.033902 1.091689 -0.177462 0.283351 0.095753 0.255643 -0.174107 0.004927 -0.274251 -0.472124
-0.041438 -0.008715 -0.037199 -0.016591 0.351768 0.106775 0.386929 -0.348512 -0.083252 -0.213069 -0.414903 0.823684 -0.036924 -0.432468 0.171478 0.562153 0.146275 0.499781 -0.089458 0.169143
0.074023 -0.003528 0.003811 -0.319851 -0.423783 -0.241465 0.065034 -0.211634 -0.115264 0.174218 0.235047 0.562523 -0.056894 0.146250 -0.458688 0.052889 0.225413 0.447333 0.288044 0.284676
-0.050055 0.010448 0.527379 0.503799 0.471581 0.573379 0.460719 0.451645 0.185329 0.164752 -0.234873 1.458342 0.123121 0.594181 -0.654057 0.161897 0.067304 0.503875 0.168586 0.226831
-0.117302 -0.332285 0.397402 0.760560 -0.245678 0.174390 -0.048605 0.108577 -0.182332 0.004211 -0.013550 1.162632 0.023057 -0.145152 -0.870066 0.215184 -0.316167 0.647565 -0.358226 -0.682097
0.181629 0.532397 -0.060324 0.893014 -0.282195 0.145395 0.334616 0.268264 0.214986 -0.444495 0.257415 -0.117119 0.042561 -0.475974 -0.627473 0.257546 -0.349431 1.176555 -0.547625 -0.522528
0.099709 0.799019 0.231851 0.109206 0.565772 0.608963 0.852034 0.457135 -0.229246 0.636452 0.829818 -0.029074 0.386347 0.479772 0.457686 0.379609 0.635961 0.553463 0.448789 0.881949
0.988998 -1.683388 0.181761 -0.164150 0.093521 0.456102 -0.581778 0.293530 0.395207 0.554860 0.172494 0.955152 -0.034397 0.779094 -1.146720 -0.131226 -0.253778 0.637620 0.222010 0.069880
-0.050516 0.515503 0.274749 0.651016 -0.017863 0.709209 0.001162 -0.105531 1.106787 0.851799 0.175882 -1.133586 0.219724 0.021440 0.099696 0.259206 -0.097432 0.350553 0.455737 -0.082197
0.315129 -0.211494 0.184496 -0.297938 -0.504678 -0.147820 -0.538314 -0.844863 -0.344226 0.373717 0.225413 -0.445519 0.154068 0.187675 -0.297661 0.336561 0.254314 0.251742 -0.355358 0.528823
0.141445 0.168327 -0.007745 0.249140 0.086338 0.304660 0.136437 0.077515 0.000442 -0.182131 0.376537 0.560553 0.039754 0.422375 -0.728113 0.419356 0.291433 0.887883 0.292028 0.644361
0.047479 -0.198918 0.269506 0.674693 0.660620 0.442138 0.337002 -0.131313 0.038084 0.264921 -0.381358 0.345874 0.263316 0.658302 -0.556658 0.688564 -0.005347 0.366995 0.634678 0.119177
0.132227 0.161620 0.673079 0.285519 0.396045 0.464987 0.582143 0.891822 0.188723 -0.120909 -0.090776 0.504985 -0.181940 0.471912 -0.955453 0.796087 0.096424 1.003985 -0.196062 -0.100472
-0.149563 0.754714 0.829974 -0.094623 -0.124242 0.480682 0.475472 0.976436 1.002853 0.106596 0.164280 0.047238 0.351609 -0.081440 0.436530 0.613134 -0.404298 -0.145380 0.393704 -0.088198
-0.066956 -0.115372 0.369633 0.202778 -0.171901 -0.345454 0.198799 0.320550 0.194375 0.728200 0.579146 0.903909 -0.036664 0.469577 -1.526853 1.036428 1.257459 1.048909 0.050585 0.874519
0.342239 0.358142 0.075250 0.649593 0.040755 0.499079 0.277400 0.276834 -0.177088 0.040473 0.797769 -0.056626 0.050402 0.135298 0.145296 -0.106604 0.095780 0.392486 0.594033 -0.308679
0.011348 0.346730 0.945166 -0.139662 0.322272 1.088720 0.214573 0.481196 0.443167 0.931985 -0.538856 0.081616 0.187991 1.725088 0.355191 0.117855 -0.146116 0.190277 0.364972 -0.138522
0.402916 0.449706 -0.311038 -0.266820 -0.217376 0.016979 0.110354 -0.096621 0.606411 0.363252 0.170208 -0.055370 0.035060 0.108871 0.281197 -0.262223 0.053633 -0.157915 0.282070 -0.520608
0.030342 -0.090759 0.036289 -0.329327 -0.030645 -0.010442 -0.336909 -0.174192 -0.223289 -0.090588 -0.503565 0.507325 -0.191921 0.814557 -0.155483 0.540040 0.180361 0.015285 0.472182 -0.147619
0.294683 0.202006 0.830028 0.639081 0.607166 0.642642 0.791611 0.463300 0.500472 0.681784 0.724932 0.682853 -0.375474 0.450274 -0.281565 0.602792 0.085763 0.790780 0.610576 -0.358641
0.203636 0.386396 -0.135080 0.261874 -0.332349 0.045357 0.099913 0.637801 0.562496 0.422329 -0.371082 0.569482 0.206184 -0.142763 -0.215428 0.454470 -0.062722 0.768506 0.011556 -0.079964
0.057474 0.444827 -0.455367 0.259388 -0.165150 -0.022104 0.460893 -0.418486 0.333623 0.761170 0.622983 0.845200 -0.666818 1.057414 -1.545314 0.463090 -0.325602 0.374564 0.625070 -0.516637
0.353598 0.300209 0.677931 0.417811 -0.204250 -0.624393 0.760582 0.543607 0.338806 0.692116 0.072090 0.738637 -0.166947 0.496074 1.192898 -0.252682 0.332900 0.615372 -0.092739 0.578575
0.126976 0.548295 0.055146 -0.193073 0.451593 1.029957 0.347993 -0.223832 0.148360 0.687880 0.306610 -0.116120 0.413478 0.862733 0.102147 0.218146 0.192315 0.483593 0.820705 0.993235
0.381328 0.515396 0.152342 0.306801 -0.382745 0.012312 0.516561 0.233059 0.736610 0.755088 -0.592145 0.244630 0.323231 0.665419 -0.232973 0.471389 0.214777 1.177587 0.425948 0.502148
0.465154 0.030750 0.078284 0.273032 0.445516 0.451522 0.146467 1.163624 -0.095821 0.283673 0.622377 1.395851 0.162409 0.517486 1.116056 0.299797 -0.177643 0.201202 0.704509 -0.218590
0.458057 0.261333 0.632293 0.488963 -0.030093 -0.112609 0.816860 1.381764 0.423493 0.594738 0.381473 1.768019 0.118724 0.916767 0.094420 0.803340 -0.138098 0.928410 0.638128 -0.454486
-0.118293 -0.057028 -0.284258 -0.100154 0.690455 0.576212 -0.062134 -0.265976 0.172180 -0.075293 0.058193 0.517580 -0.148117 -0.684308 -0.261331 -0.418009 -0.069046 0.056826 -0.474915 -0.340519
0.076394 -0.049031 -0.028517 0.916918 0.162502 0.588992 -0.222173 1.253228 -0.278886 -0.215880 -0.839995 -0.231044 0.285588 0.213243 0.416961 0.482532 0.499088 0.771084 0.268010 0.644575
0.513491 1.065786 0.902533 0.357141 0.900289 -0.689516 1.172917 0.465086 0.210832 0.421506 0.481592 -0.026242 -0.016517 0.943204 1.705758 0.150473 0.536756 0.239555 0.677195 0.843937
0.113683 0.891009 0.031931 -0.220808 -0.030755 1.024335 0.489058 -0.048935 -0.287978 0.074261 0.623397 0.300267 0.736373 0.575960 0.897831 0.302294 -1.027257 0.662962 0.152065 -1.395702
-0.201370 -1.084328 -0.040123 0.420261 0.327683 0.271883 0.174124 0.026044 0.082686 0.351898 0.288938 0.452272 0.394642 0.328822 -1.197132 0.480646 1.011271 -0.065116 0.327374 0.100552
0.273375 0.061170 -0.039462 -0.059779 -0.309920 0.474514 0.402150 0.643112 -0.497513 -0.464429 -0.375763 -0.242316 -0.215682 -0.035866 -0.058855 0.725097 0.278129 0.583884 -0.137688 0.127172
0.506464 0.291699 0.579532 -0.011736 0.284896 0.408329 0.411949 -0.062673 -0.039371 -0.236402 0.075938 1.157920 0.112996 1.324933 0.327882 1.076646 0.166958 0.442241 0.281156 0.538861
-0.487444 -0.307235 0.268243 0.232805 0.443876 0.199099 -0.286172 0.072267 -0.284182 -0.176013 -0.258554 -0.578250 -0.133366 0.229566 0.322085 0.527193 -0.074503 -0.030837 0.442852 -0.221628
0.136294 -0.041422 0.519060 0.403882 0.381864 0.504354 0.159668 0.478257 0.147196 0.474548 0.073299 0.606386 -0.040658 0.564114 -0.539355 0.312924 -0.071922 0.388986 0.110835 -0.385575
0.287167 -0.080015 0.802278 0.392284 0.412895 0.151054 0.556168 0.832334 0.182298 0.926778 -0.163386 0.142129 0.302928 -0.225402 0.467621 -0.045825 -0.239459 0.731314 -0.519533 -0.278429
-0.354836 -0.649391 0.223165 0.716336 -0.399152 -0.805384 0.616855 0.448686 0.274056 0.617520 0.079739 0.000655 0.530545 0.701783 0.468173 -0.322987 -0.053065 0.733248 0.602285 0.307581
0.833025 0.905264 0.565894 -0.245021 0.672916 -0.641843 0.476161 -0.199581 -0.136839 0.167166 -0.029367 0.432590 -0.315894 1.295909 1.408421 0.523498 0.491155 0.775664 0.064426 0.723408
0.061115 0.582032 0.316181 0.639441 0.223464 0.119007 0.438743 -0.217953 -0.468370 0.377719 0.907191 0.132092 0.414879 0.370172 -0.017591 0.537514 -0.042359 0.413126 0.785309 0.461843
0.019773 0.015353 -0.131847 -0.009937 -0.024419 0.661763 -0.354599 0.578775 -0.159532 -0.601918 0.546109 -0.270302 -0.003282 0.131134 0.454258 0.209811 -0.050063 0.466029 0.237539 -0.031081
0.011764 0.214352 -0.291344 0.089489 -0.044780 0.359157 0.060273 0.561449 0.558111 0.011304 0.560397 -0.207360 -0.218869 0.047021 0.082549 0.725031 0.037862 0.621513 0.118758 -0.000879
0.247026 -0.246646 0.163760 1.170873 0.310746 -0.078653 -0.090809 0.218604 -0.105986 0.274763 0.152446 0.280095 -0.113927 1.001934 -0.418189 0.381500 0.150588 -0.206588 0.194226 0.113701
-0.065732 -0.253074 0.325818 0.329873 0.438234 0.803253 0.329191 -0.347550 -0.053798 0.005505 0.165920 1.043158 0.150258 0.436054 -0.693978 0.082887 0.088502 0.883683 0.192240 0.561075
0.130217 0.179267 0.130864 -0.596249 0.378326 0.340362 0.265091 -0.856614 -0.168622 -0.214479 -0.578430 1.366847 0.264529 0.677740 -1.984921 0.092807 -0.278309 0.298390 0.259295 -0.492383
0.061823 0.524655 0.129396 0.265947 0.776614 -0.184018 0.952412 0.194718 0.960609 0.195455 0.773219 0.263434 -0.501734 0.633271 0.449573 0.643186 -0.312905 -0.027084 0.859006 -0.787427
-0.038409 0.041507 0.422418 0.733415 -0.660598 -0.284592 0.597119 -0.083908 0.751629 0.634283 0.150465 1.033063 -0.384282 0.654399 -1.778847 0.774023 0.563070 0.326915 0.313192 0.644194
0.612473 -0.055593 0.321571 0.210569 0.337198 0.220009 0.483784 0.276631 0.207235 0.702489 0.472053 0.318832 -0.212144 0.894956 -0.434055 0.471115 -0.048750 0.851189 1.267435 0.164574
0.105553 -0.004948 -0.480535 -1.028929 -0.778303 0.396975 0.127662 0.719708 0.501364 1.019654 0.333453 -0.537051 -0.017116 0.102121 -0.221444 -0.795410 0.194097 -0.173623 0.240195 0.311552
0.047690 0.081469 0.068086 0.184761 0.271168 -0.086769 0.149394 0.037696 0.270556 0.480403 0.028017 0.672307 0.237465 0.804423 -0.172609 -0.115656 -0.088333 0.261341 0.257869 0.109270
0.327678 0.287280 0.045914 0.714088 0.955114 0.354873 0.075643 0.309468 0.129136 0.197642 0.078073 1.403537 -0.002461 0.025856 -0.506264 0.576572 0.313798 0.035103 0.132304 0.287441
0.033020 -0.227845 0.397479 0.975854 1.870126 0.947934 0.092297 0.065670 -0.076531 0.652776 0.090575 2.075454 -0.120709 -0.385631 -0.349013 0.172668 0.199212 0.633579 -0.055640 0.002320
-0.295351 -0.285096 0.595799 1.358926 1.060563 1.172881 0.590879 0.354398 0.141523 0.297124 0.315765 0.387221 -0.350668 -0.100005 -0.994447 0.275822 -0.121446 1.307637 0.455738 -0.444753
0.263544 0.506190 1.047754 0.296314 0.071397 0.969867 0.320928 0.655390 0.592833 0.670422 0.375656 0.233356 0.205641 0.695957 -1.194150 0.138442 0.129338 -0.129183 0.721272 0.680649
0.116396 0.748463 0.359666 0.482218 0.196007 0.416650 0.324887 0.329791 0.453981 0.674384 0.932766 -0.413629 0.466041 0.806927 0.326445 0.583276 0.302202 0.293912 0.545929 -0.407582
0.588200 0.297665 -0.153124 0.334362 0.137807 0.759885 0.064237 0.226590 1.012297 -0.102504 0.056121 0.893298 -0.526557 0.151314 -0.570242 0.226632 1.470021 -0.321401 0.842371 0.634743
-0.216814 -0.067096 0.549861 0.065537 -0.118784 0.187992 -0.215035 0.135050 0.421969 0.207881 -0.174662 0.151016 -0.011528 -0.059685 -0.032015 0.894194 0.083129 0.476662 -0.504783 0.362468
0.284640 0.241769 0.824171 0.536430 0.431077 0.610750 0.607585 0.175843 0.731967 1.061403 0.553340 -0.350864 0.029289 0.544262 0.380434 -0.087061 -0.017692 -0.034937 0.232587 0.109063
0.253843 0.258918 0.388839 0.214073 1.155316 0.081403 0.395350 -0.194050 0.137821 0.558055 0.422695 0.541556 0.265249 -0.263577 -0.215710 -0.122514 0.044131 0.005650 -0.031773 0.225888
-0.201896 -0.282117 0.229605 0.567544 0.286408 0.071381 0.608565 0.113032 0.299646 -0.195420 0.944995 0.884369 -0.380997 0.047231 -0.203193 0.181608 0.115892 0.520340 0.277987 -0.117156
-0.424114 -0.161272 -0.121896 0.734686 1.426297 0.924436 -0.507936 0.845089 -0.247242 -0.179733 0.350708 0.677165 -0.064729 0.159019 -0.334845 0.593504 0.125212 0.801284 0.329483 0.751761
0.825899 1.086151 -0.049373 0.420140 0.029212 -0.456674 0.150686 0.212097 0.145145 -0.113364 0.262812 -0.190194 -0.169876 0.911615 0.245151 0.809301 -0.169990 -0.029762 1.508022 0.070260
-0.023318 -0.176796 -0.538651 -0.022275 -0.871130 1.015831 -0.185642 0.217977 0.342045 1.204758 0.839219 0.865645 -0.374860 1.008021 -3.405834 0.825831 0.882704 -0.928722 0.887749 2.580667
0.648040 -0.876780 0.178128 0.906919 -0.134288 0.609223 0.139709 0.289666 0.241795 0.108928 0.357699 0.427889 -0.241110 0.457412 -0.037131 0.153417 0.499803 0.631123 0.979694 0.656624
0.204752 0.503223 0.725133 0.082123 -0.143388 -0.034763 0.116996 0.372393 0.059949 1.009875 0.889824 -0.066640 -0.050590 -0.360937 -0.179008 1.003390 0.115762 1.086328 -0.346128 0.297908
0.105938 0.315302 0.513518 0.459271 -0.102440 0.563434 0.413227 -0.619016 0.291188 0.436334 -0.278251 -0.038441 0.164689 0.304074 0.039535 0.389037 -0.165356 0.419893 0.336069 -0.086516
0.225855 0.129779 0.572873 0.529151 0.616196 -0.200517 0.694302 0.326936 0.221569 -0.232401 0.450154 0.140039 0.136921 0.380483 1.081742 0.410153 0.099917 0.144155 0.515585 -0.027856
0.119089 -0.069640 0.360881 -0.027508 0.995996 0.993087 -0.118784 -0.280101 0.142365 -0.152987 -0.054261 0.630211 -0.205743 0.955256 -0.917783 0.244447 0.618799 0.270191 -0.112755 0.390832
0.082754 -0.011431 1.331750 0.280916 0.990476 0.343936 -0.304563 0.018482 0.046861 0.632245 0.444947 1.246789 0.177044 0.523202 0.246135 0.777631 -0.290830 -0.063950 -0.216167 -0.305997
0.392740 2.213976 1.227696 0.389472 0.617163 0.356002 0.156687 0.961545 1.263030 0.623222 -0.090507 0.996097 -0.121518 0.381997 -1.596124 0.286539 0.356177 0.232835 0.641864 0.582203
0.583335 0.218653 -0.095030 0.609583 -0.537159 0.034819 0.349078 1.377563 0.445714 0.832591 0.513813 1.416684 -0.761112 0.830756 -2.988302 0.785772 -0.150674 -0.341810 0.635809 -0.212887
0.149379 -0.346701 0.906263 1.324092 -0.556919 0.690890 0.649586 0.502920 -0.651548 0.474290 -0.223494 -0.194143 -0.381862 0.229586 -0.167668 0.413063 -0.018696 0.611249 0.280113 0.405389
0.025237 0.425758 0.096269 0.110934 0.257977 0.113762 1.089842 0.467477 0.754196 0.825849 0.310465 0.006150 -0.107420 -0.360866 -0.052560 0.162133 0.126572 0.510316 0.143278 0.263022
0.392489 0.190644 -0.030208 0.101058 0.187088 0.095125 0.839869 0.540591 0.567654 0.630171 0.153445 0.030334 0.129668 -0.286455 0.586007 0.463495 -0.058844 0.766606 0.248944 -0.160820
1.351318 1.189187 -0.002674 0.669180 0.427507 -0.338923 0.096504 0.977890 1.019080 0.764323 0.263720 0.206622 0.453920 0.840798 -0.517556 0.894889 0.402629 0.144586 0.104684 0.845632
-0.235741 0.417212 1.292463 0.292920 0.501930 -0.308161 0.713099 0.229515 0.490578 0.617197 -0.320919 0.867127 -0.104501 0.661392 -0.662606 0.426671 0.553590 0.113390 0.156618 0.248198
-0.094246 -0.336719 0.610282 -0.075459 0.408266 1.129103 1.150315 0.394127 0.620490 0.082635 0.239134 0.374460 -0.077284 0.368960 0.167892 0.414188 -0.349779 0.651337 0.095908 -0.746990
0.158365 -0.365555 0.490885 0.773559 0.713601 -0.568964 -0.216344 0.455916 -0.294805 0.885300 -0.058574 0.639583 -0.318070 0.319742 0.472804 1.040939 -0.465604 0.543610 0.475367 -1.101050
-0.368112 -0.669744 0.423156 0.729814 0.299736 0.658726 0.485482 0.779632 0.247037 0.458284 0.663622 0.228727 0.196856 0.353003 0.781786 0.092220 -0.427965 0.607172 0.698354 0.211576
-0.088127 -0.489452 0.158573 -0.016157 0.104720 0.466003 -0.212022 0.068079 0.156795 0.899692 0.601886 0.296849 0.515390 0.661719 -0.017594 0.438783 -0.562520 0.391115 0.207330 -0.927983
-0.117182 0.138196 0.610373 0.147859 0.247864 0.444684 0.100368 0.447075 1.131862 0.212942 -0.134030 0.501819 0.222776 0.219632 -0.045998 0.541775 -0.183985 0.772053 0.657198 -0.287582
0.243472 0.158773 0.215949 0.523463 0.182886 0.491901 -0.239885 0.094270 0.169070 0.782724 0.227075 0.043995 0.541241 -0.174943 0.462763 0.104326 -0.086130 0.772110 0.118336 0.356107
0.055963 -0.215653 0.648789 0.781068 0.967747 0.739696 0.176503 0.894176 -0.084035 0.227060 0.032542 0.080469 0.031578 1.014776 -0.005609 0.485812 0.300301 0.615498 -0.066096 0.390526
0.662460 -0.175277 0.725360 0.535689 1.081847 0.422067 0.628878 0.287612 -0.365229 1.090611 0.074891 0.399699 0.321642 1.417133 -0.319018 0.062668 0.215559 0.260383 0.741112 -0.682383
0.051519 0.843545 0.264200 -0.006063 0.556303 0.935543 0.592453 0.267295 0.940870 -0.066063 0.029182 0.041514 -0.184505 0.705551 -1.263557 1.111458 -0.003790 -0.416272 0.971757 -0.364502
0.455641 -0.676367 0.114189 -0.232753 0.408653 0.335779 0.054531 -0.091960 -0.341294 0.726679 0.525066 0.244641 0.008359 0.449579 -0.532451 0.122063 0.051328 -0.137641 -0.425783 -0.217208
0.133438 -0.179000 0.291533 0.383371 0.078106 0.102482 0.481486 0.871050 0.184971 0.687673 0.045041 0.709687 -0.319007 0.439743 -2.032194 1.139566 0.481882 0.275830 0.336982 0.662456
-0.038501 -0.191693 0.059982 0.517107 -0.091993 0.193436 0.005534 0.191165 -0.066570 0.890232 0.185024 0.174374 0.010352 0.412582 0.024115 -0.173192 -0.333251 0.509668 1.074100 0.697190
-0.283142 -0.630324 0.781480 0.209144 -0.245854 0.289761 0.295606 0.632729 0.487863 0.636944 -0.132704 0.017995 0.049046 0.320245 0.131280 0.268923 -0.129926 -0.398317 0.705149 -0.413579
-0.044800 -0.428633 0.288071 0.267566 0.515314 0.067333 0.200285 0.927845 0.155200 0.263506 0.430520 0.238692 -0.083245 -0.013698 -0.178582 0.552209 0.118570 0.196740 0.173772 -0.336563
0.146532 1.201182 0.298084 -0.059816 0.425651 0.405331 0.555908 0.388728 0.811026 0.421042 0.690811 0.658821 -0.570710 0.257521 -0.327875 0.184325 0.068070 0.529169 1.198270 0.395670
0.295076 0.757187 0.306823 -0.023387 0.109066 0.855523 0.249823 0.370371 0.690428 1.345469 0.494091 0.472511 0.202871 0.123379 -0.881252 0.004964 -0.576454 0.348920 1.793346 -1.431679
0.056486 -0.157421 1.076527 -0.497505 0.004968 0.410387 -0.537887 0.955301 0.110233 0.113275 0.448026 0.259970 0.497522 0.308825 -0.640557 1.350619 -0.405200 0.243854 -0.263361 -0.501894
-0.235151 -0.186838 0.215217 0.276129 0.167712 0.323168 0.170676 -0.299746 0.402836 0.282937 0.418768 0.130835 0.046434 0.697184 -0.539258 0.068164 -0.526567 0.192054 0.645820 -0.177435
0.634069 0.224678 0.020237 -0.012957 -0.047854 -0.243783 0.531186 -0.011621 0.767574 -0.382060 0.336945 0.299414 -0.554057 0.150102 1.341859 0.307608 0.513121 0.440549 0.264030 0.304976
0.256232 0.993369 0.716241 0.340349 0.138827 0.472969 0.764858 -0.085819 0.292598 0.794373 0.815723 0.183490 0.554014 0.570048 0.410766 0.572523 0.017396 1.145753 0.387434 0.512860
-0.211790 -0.001133 0.329200 -0.501571 -0.363371 0.269490 -0.785481 0.208428 0.138044 -0.046360 -0.202904 -0.322243 -0.332559 0.581406 -0.083191 0.253203 0.091408 -0.157003 0.050470 -0.040203
0.036860 -0.786689 0.197432 0.657904 -0.042642 -0.021994 0.323226 0.479999 0.154412 0.783158 1.055027 0.377716 0.318832 0.160486 0.537075 -0.258303 -0.071540 0.533164 0.185227 0.116929
0.473862 -0.679873 0.517543 -0.184488 0.316219 0.725488 0.068969 0.157059 0.240616 0.945158 0.470677 0.455834 -0.056259 0.325429 -1.515262 0.726171 -0.163579 1.040183 -0.232744 -0.578807
0.391625 1.046550 0.271640 -0.159264 0.591670 0.207616 0.011331 1.125697 0.962628 0.327224 0.885222 0.509824 -0.520506 0.606497 -0.331231 0.542183 -0.027248 0.416908 0.369591 0.119647
0.138314 -0.403359 0.964702 0.180064 0.585355 1.037819 0.420083 0.986936 -0.217173 -0.149297 0.645520 0.138490 -0.165965 0.627092 0.625908 0.781448 0.406840 0.283156 0.367591 0.760311
0.251323 0.607887 -0.048569 0.677495 0.510164 0.649773 -0.156441 0.319864 0.272969 -0.086015 0.228677 0.102824 -1.192685 1.115306 -0.032382 0.678243 -1.508340 0.481659 0.512798 -0.278694
0.466437 1.295432 -0.172211 -0.084771 0.038537 0.260232 0.922016 -0.034207 0.201599 0.786759 1.155492 0.668419 0.947225 0.507578 0.250114 0.142249 -0.129490 0.302291 0.098933 -0.322650
0.358820 -0.712211 0.758860 0.207355 0.454211 0.609239 0.304917 -0.025716 0.551356 0.109837 0.504732 0.557085 0.569221 0.180310 -1.000213 0.747137 1.416841 -0.020030 0.179810 -0.098839
-0.030733 0.184002 -0.183564 -0.277268 -0.283780 -0.146582 0.401332 0.159206 0.231549 0.628431 0.671816 -0.054828 -0.108742 -0.524629 -0.296806 -0.422369 0.134775 0.408196 -0.018302 0.359296
0.304540 -0.176415 -0.025917 0.738358 0.705756 0.346878 0.125813 0.847941 0.275502 0.092885 0.321584 0.442621 0.324697 0.766610 -0.283355 0.569026 -0.196188 1.002509 0.674818 -0.374156
0.120640 -0.313824 0.796810 0.379498 0.022222 0.497809 0.094582 0.989597 -0.348744 0.150180 0.126361 0.344175 0.160842 0.720018 0.070355 1.039084 -0.108374 0.391197 0.043701 -0.084007
0.839358 0.709014 0.441342 -0.531681 -0.234802 0.568875 -0.093678 0.916312 0.393765 1.358708 0.722967 0.843621 0.271804 1.434070 -1.332619 -0.076646 -0.048127 0.303481 0.065614 -0.224126
0.811491 0.006736 0.770366 -0.158206 0.132456 0.547587 0.508443 1.059675 0.361077 0.253925 1.288308 -0.360787 0.057436 0.288234 -0.523124 0.647261 -0.170858 0.389365 -0.333280 -0.419057
0.138224 0.226759 0.763599 0.553220 0.048634 0.181786 -0.194145 0.054543 -0.627271 0.420568 -0.136854 0.405225 -0.603274 0.262064 -0.874765 0.139602 0.370142 0.645171 0.467739 0.379819
0.370634 0.412550 -0.383295 0.500314 0.394911 -0.200211 1.386264 0.320796 0.661256 1.097159 0.359126 0.492939 -0.347103 0.634043 1.590998 -0.059421 -0.290050 0.445887 0.040684 0.357268
0.749539 0.744443 0.281769 -0.264675 0.591848 0.190880 0.139570 -0.109017 0.176151 0.187552 0.559480 -0.201441 0.011505 0.941755 -0.204576 0.897801 0.089608 0.964716 0.685294 0.471632
0.206206 -0.154071 -0.069281 -0.205169 0.137391 -0.354807 -0.006698 0.268861 -0.261041 -0.355726 0.394380 0.049226 -0.215211 0.783613 -0.130607 -0.615202 0.200115 -0.119808 -0.286120 0.414026
0.838483 0.179751 -0.423586 0.047741 0.381751 0.788049 0.333804 0.130676 0.157751 0.547977 0.711568 0.062972 -0.273035 0.753019 -0.443748 -0.045627 0.261676 0.175248 0.605087 0.738979
-0.147273 0.346072 0.227600 0.013181 -0.046508 0.915058 -0.112540 0.067867 0.380876 0.172006 -0.356461 -0.115452 -0.024591 0.608548 0.412833 0.190514 0.083741 0.595978 0.259833 0.570835
0.334970 1.050387 1.443557 0.907154 0.593175 0.557717 0.086346 0.386215 1.021097 0.717015 0.385075 0.955443 -0.236232 1.551771 -0.025215 0.352078 0.112264 0.251753 0.885118 0.476209
0.475271 0.180522 1.017184 -0.186469 0.281350 0.532008 0.866291 0.405440 0.950666 0.336814 0.617450 0.944246 0.460890 0.614011 -0.249517 0.325341 -0.280438 -0.368383 0.475070 -0.283286
0.303867 -0.179963 -0.050014 -0.836694 0.681934 0.461675 0.450077 0.113914 0.152118 0.647010 0.362384 -0.056785 -0.797041 1.548307 0.276071 0.782912 0.236847 0.763152 0.455326 0.014284
0.400042 0.082550 0.990910 0.965554 -0.102783 -0.041733 1.103458 0.574789 0.334318 -0.186067 0.809689 0.958677 0.699684 1.147267 -0.194547 0.418187 -0.194028 0.603436 0.348013 0.332829
0.487066 0.115303 -0.154895 0.664766 0.456010 0.774117 0.051603 -0.502066 -0.191279 0.382052 0.307581 0.397145 -0.292920 0.353515 0.827839 0.426761 0.430620 0.650118 0.362862 0.275439
0.028443 -0.386952 0.164601 -0.137199 0.293898 0.259242 -0.050870 0.839445 0.193423 0.399530 0.165258 0.351428 -0.079896 1.011163 -0.166295 0.935423 0.010648 0.289770 0.804088 0.160858
-0.109809 -0.143754 0.916752 -0.164985 0.046833 0.195618 0.097773 0.258746 -0.078645 0.305407 0.129717 0.131577 -0.019791 0.511675 0.011517 0.239066 -0.274471 0.281229 -0.147889 -0.187015
-0.047458 0.444795 -0.264165 0.535915 0.593380 -0.134286 0.771635 0.245503 0.697695 0.174128 0.037147 0.715885 0.478659 1.617940 -0.187397 -0.561472 0.446679 0.919515 1.056843 0.924401
-0.531174 0.510258 0.894211 1.000866 0.758884 0.550403 0.054037 0.905794 0.869206 0.065062 -0.407907 0.392496 -0.504593 0.700697 -0.307855 0.630612 0.203956 1.038878 0.188273 -0.566505
0.176501 1.298143 1.010415 0.738608 0.205491 -0.318981 0.651698 0.646504 0.721574 -0.473453 -0.300672 0.727011 -0.086819 0.422032 1.040653 0.926821 -0.140745 0.121235 0.436182 -0.150930
-0.200461 -0.364282 0.094088 0.816147 0.395318 0.779710 0.525563 0.589494 0.863258 0.329362 -0.232166 -0.071302 -0.209387 0.763124 0.161358 0.940555 -0.418739 0.285902 -0.068224 -0.563188
0.076701 0.003085 1.127038 0.371934 0.086142 0.714117 -0.251548 0.411226 0.197328 0.308283 0.524614 -0.065516 -0.718254 0.822592 1.362347 0.433152 -0.380576 0.087244 0.154990 -0.938383
0.404270 -0.183984 0.944455 0.403706 0.162520 0.098710 -0.376465 0.541142 0.448187 0.772210 -0.166161 0.693346 -0.158894 1.011796 -0.961365 0.499690 -0.172438 0.966228 0.669432 -0.281105
-0.031016 0.409305 -0.104471 0.234918 -0.485513 0.066904 0.383757 0.592937 0.579232 1.061144 0.393318 -0.224508 0.107324 0.052758 0.039824 0.023988 -0.071887 0.976398 0.165783 -0.033583
0.018440 0.431313 0.468363 -0.449583 0.427107 0.168071 0.349804 1.109478 0.884700 0.837542 0.487718 0.996302 0.036917 0.634183 -0.219052 0.107162 -0.133466 0.463239 0.238790 -0.017170
0.595066 0.641210 0.204132 0.457024 0.385126 -0.316215 0.591837 0.216303 0.777722 0.238152 0.091946 0.497959 0.470446 -0.035896 0.969955 0.527265 0.016449 0.985571 0.030923 0.240317
0.146906 0.123674 0.956690 0.174266 -0.506690 0.321833 -0.387666 0.144579 -0.385032 0.318540 -0.188082 0.117915 -0.270020 0.103831 -0.525293 0.338515 0.424056 1.652894 0.245191 0.307625
0.642208 -0.060710 0.659818 -0.067207 0.230988 0.612018 0.425020 0.431464 -0.116579 0.459065 0.456262 -0.495702 0.538562 0.995531 0.016554 -0.020790 -0.250423 0.332527 0.428634 -0.308320
0.110901 0.046677 -0.061803 0.568238 0.409076 0.204467 0.544424 0.471975 0.318471 -0.303546 -0.016752 -0.227147 -0.009906 0.475535 -0.963558 0.592752 -0.455876 0.067701 -0.057373 -0.748176
0.253557 -0.897717 -0.095820 0.754913 -0.049194 0.552714 0.485215 0.758304 0.746581 0.572504 0.084038 0.041148 0.619016 0.649181 0.271351 0.551034 -1.200322 0.506202 -0.154869 -0.388097
-0.107881 0.480655 0.793710 0.824591 0.669981 0.494045 -0.431713 0.091244 0.500338 0.326199 -0.108584 0.069331 -0.708822 0.074474 0.193516 0.367825 0.855779 0.479894 -0.011257 0.698840
